173.252514 3391.163979 154.106184 19.705275 1.000000
456.951629 3444.042053 440.974782 69.157234 1.000000
736.713593 3390.891064 724.155624 21.316737 1.000000
949.300778 3500.426962 938.691623 135.168332 1.000000
1307.031598 3487.868993 1300.248606 107.152764 1.000000
1771.732200 3475.814963 1770.031200 78.928857 1.000000
2125.851015 3425.645994 2127.951003 49.012072 1.000000
2347.988995 3498.789057 2352.021026 95.978574 1.000000
2548.035017 3455.865059 2555.007004 33.916040 1.000000
2734.871993 3500.301012 2742.347988 128.788170 1.000000
2971.416029 3413.529059 2982.042024 24.868385 1.000000
