3266.991035 3043.446001 3103.359037 41.472476 1.000000
3522.603048 1661.969401 2850.056986 1417.924206 1.000000
3508.785024 2472.266978 2863.413032 611.360408 1.000000
3458.154007 1880.083803 2912.406005 1201.716587 1.000000
3310.418971 2197.040985 3057.767963 887.121897 1.000000
3281.417933 1560.369294 3087.798033 1520.164805 1.000000
3210.962961 2230.682998 3156.363061 854.815474 1.000000
3158.231990 1889.034004 3208.610969 1194.463196 1.000000
3047.771996 1589.198108 3318.630068 1492.537194 1.000000
3021.837037 1358.765094 3344.922002 1722.081900 1.000000
2994.368968 2275.664989 3370.164028 808.983008 1.000000
2994.852031 2497.487989 3372.537035 587.281783 1.000000
2951.886004 3036.390024 3435.662976 44.696236 1.000000
3414.642011 84.686089 2976.686997 2975.090982 1.000000
3390.261036 2322.453004 2979.732061 762.400827 1.000000
3355.212037 387.080341 3036.683953 2677.311018 1.000000
3347.189935 831.795315 3053.316018 2243.010012 1.000000
3266.675951 2544.318034 3102.287976 540.424530 1.000000
3182.676009 507.261300 3208.275009 2560.446021 1.000000
3084.249030 202.896106 3303.027035 2860.283977 1.000000
2982.231018 575.093453 3396.308997 2495.052007 1.000000
2980.278030 2747.765990 3412.184944 275.110479 1.000000
2958.374997 367.613361 3432.954010 2698.016970 1.000000
2911.103989 86.312721 3470.208037 2980.340935 1.000000
2888.403019 2023.163103 3475.982943 1061.678133 1.000000
2866.458027 1045.545902 3500.447977 2032.415705 1.000000
