3471.320988 2974.901988 2964.212948 1696.048199 1.000000
3465.315058 3192.671976 2970.282063 1478.154309 1.000000
3296.874001 3446.918999 3161.108936 1229.955316 1.000000
3266.991035 3043.446001 3169.929046 1626.956099 1.000000
3117.093002 3177.131988 3341.099945 1499.355901 1.000000
3031.790974 3089.288974 3410.231956 1579.939192 1.000000
3023.705966 3361.680016 3447.632947 1317.621896 1.000000
3522.603048 1661.969401 2921.057996 3005.310047 1.000000
3508.785024 2472.266978 2930.402990 2200.422008 1.000000
3458.154007 1880.083803 2982.252033 2788.694970 1.000000
3404.415020 2121.105001 3033.618013 2548.707005 1.000000
3310.418971 2197.040985 3127.130998 2473.358984 1.000000
3281.417933 1560.369294 3159.785975 3105.291011 1.000000
3215.267942 2729.874009 3219.300008 1939.650295 1.000000
3210.962961 2230.682998 3226.419029 2440.451968 1.000000
3176.796029 2789.262023 3258.464993 1880.974203 1.000000
3047.771996 1589.198108 3391.668057 3076.499981 1.000000
3021.837037 1358.765094 3419.598034 3305.294968 1.000000
2994.368968 2275.664989 3440.996989 2392.445997 1.000000
2951.886004 3036.390024 3504.879047 1639.574999 1.000000
2916.543006 1993.372494 3522.308979 2673.279022 1.000000
