1      65
2      71
3      75
4      77
5      83
6      85
7      89
8      95
9      99
10      101
11      105
12      111
13      113
14      119
15      123
16      125
17      135
18      139
19      147
20      159
21      163
22      175
23      183
24      187
25      195
26      197
27      201
28      207
29      209
30      215
31      219
32      221
33      231
34      235
35      237
36      243
37      245
38      249
39      255
40      277
41      287
42      293
43      303
44      311
45      317
46      325
47      329
48      335
49      343
50      347
51      349
52      359
53      363
54      365
55      371
56      373
57      377
58      383
59      399
60      407
61      411
62      413
63      423
64      427
65      429
66      435
67      437
68      447
69      455
70      459
71      461
72      467
73      469
74      473
75      479
76      485
77      489
78      495
79      503
80      507
81      509
82      585
83      591
84      599
85      603
86      605
87      615
88      619
89      621
90      627
91      629
92      639
93      663
94      667
95      669
96      679
97      683
98      685
99      691
100      703
101      715
102      717
103      723
104      725
105      735
106      751
107      759
108      763
109      765
110      821
111      831
112      845
113      853
114      863
115      879
116      887
117      891
118      893
119      927
120      943
121      951
122      955
123      957
124      975
125      983
126      987
127      989
128      1003
129      1005
130      1013
131      1023
132      1365
133      1375
134      1391
135      1399
136      1403
137      1455
138      1463
139      1467
140      1495
141      1499
142      1535
143      1755
144      1791
145      1919
146      1983
147      2015