1   129
2   135
3   139
4   141
5   147
6   149
7   153
8   159
9   163
10   165
11   169
12   175
13   177
14   183
15   187
16   189
17   195
18   197
19   201
20   207
21   209
22   215
23   219
24   221
25   225
26   231
27   235
28   237
29   243
30   245
31   249
32   255
33   263
34   267
35   275
36   287
37   291
38   303
39   311
40   315
41   323
42   335
43   343
44   347
45   359
46   363
47   371
48   383
49   387
50   389
51   393
52   399
53   401
54   407
55   411
56   413
57   417
58   423
59   427
60   429
61   435
62   437
63   441
64   447
65   455
66   459
67   461
68   467
69   469
70   473
71   479
72   483
73   485
74   489
75   495
76   497
77   503
78   507
79   509
80   533
81   543
82   549
83   559
84   567
85   573
86   581
87   591
88   599
89   605
90   615
91   621
92   629
93   639
94   645
95   649
96   655
97   657
98   663
99   667
100   669
101   679
102   683
103   685
104   691
105   693
106   697
107   703
108   711
109   715
110   717
111   723
112   725
113   729
114   735
115   739
116   741
117   745
118   751
119   753
120   759
121   763
122   765
123   783
124   791
125   795
126   797
127   807
128   811
129   813
130   819
131   821
132   831
133   839
134   843
135   845
136   851
137   853
138   863
139   867
140   869
141   879
142   887
143   891
144   893
145   903
146   907
147   909
148   915
149   917
150   921
151   927
152   931
153   933
154   937
155   943
156   945
157   951
158   955
159   957
160   965
161   969
162   975
163   977
164   983
165   987
166   989
167   999
168   1003
169   1005
170   1011
171   1013
172   1017
173   1023
174   1097
175   1103
176   1115
177   1117
178   1131
179   1133
180   1145
181   1151
182   1161
183   1167
184   1175
185   1179
186   1181
187   1191
188   1195
189   1197
190   1203
191   1205
192   1209
193   1215
194   1223
195   1227
196   1229
197   1235
198   1237
199   1241
200   1247
201   1251
202   1253
203   1257
204   1263
205   1271
206   1275
207   1277
208   1303
209   1307
210   1309
211   1319
212   1323
213   1325
214   1331
215   1337
216   1343
217   1351
218   1355
219   1357
220   1363
221   1369
222   1375
223   1379
224   1385
225   1391
226   1399
227   1403
228   1405
229   1419
230   1421
231   1427
232   1429
233   1433
234   1439
235   1443
236   1445
237   1449
238   1455
239   1463
240   1467
241   1469
242   1481
243   1487
244   1495
245   1499
246   1501
247   1511
248   1515
249   1517
250   1523
251   1525
252   1529
253   1535
254   1589
255   1593
256   1599
257   1607
258   1611
259   1613
260   1621
261   1625
262   1631
263   1637
264   1641
265   1647
266   1655
267   1659
268   1661
269   1677
270   1683
271   1685
272   1689
273   1695
274   1701
275   1705
276   1711
277   1719
278   1723
279   1725
280   1737
281   1743
282   1751
283   1755
284   1757
285   1767
286   1771
287   1773
288   1779
289   1781
290   1785
291   1791
292   1823
293   1829
294   1833
295   1839
296   1847
297   1851
298   1853
299   1865
300   1871
301   1879
302   1883
303   1885
304   1895
305   1899
306   1901
307   1907
308   1909
309   1913
310   1919
311   1935
312   1943
313   1947
314   1949
315   1959
316   1963
317   1965
318   1971
319   1973
320   1977
321   1983
322   1995
323   1997
324   2003
325   2005
326   2009
327   2015
328   2021
329   2025
330   2031
331   2039
332   2043
333   2045
334   2343
335   2347
336   2355
337   2357
338   2367
339   2379
340   2387
341   2389
342   2399
343   2415
344   2423
345   2427
346   2429
347   2451
348   2453
349   2463
350   2469
351   2479
352   2487
353   2491
354   2493
355   2511
356   2519
357   2523
358   2525
359   2535
360   2539
361   2541
362   2547
363   2549
364   2559
365   2643
366   2645
367   2655
368   2671
369   2679
370   2683
371   2685
372   2709
373   2719
374   2735
375   2743
376   2747
377   2749
378   2767
379   2775
380   2779
381   2781
382   2791
383   2795
384   2797
385   2803
386   2805
387   2815
388   2863
389   2871
390   2875
391   2877
392   2895
393   2903
394   2907
395   2909
396   2919
397   2923
398   2925
399   2931
400   2933
401   2943
402   2967
403   2971
404   2973
405   2983
406   2987
407   2989
408   2995
409   2997
410   3007
411   3021
412   3027
413   3029
414   3039
415   3055
416   3063
417   3067
418   3069
419   3279
420   3287
421   3291
422   3293
423   3303
424   3307
425   3309
426   3317
427   3327
428   3383
429   3387
430   3389
431   3407
432   3415
433   3419
434   3421
435   3431
436   3435
437   3437
438   3445
439   3455
440   3483
441   3485
442   3495
443   3499
444   3501
445   3509
446   3519
447   3541
448   3551
449   3567
450   3575
451   3579
452   3581
453   3701
454   3711
455   3741
456   3755
457   3757
458   3765
459   3775
460   3797
461   3807
462   3823
463   3831
464   3835
465   3837
466   3903
467   3925
468   3935
469   3951
470   3959
471   3963
472   3965
473   3999
474   4015
475   4023
476   4027
477   4029
478   4055
479   4059
480   4061
481   4075
482   4077
483   4085
484   4095
485   5463
486   5467
487   5483
488   5503
489   5547
490   5567
491   5599
492   5615
493   5623
494   5627
495   5823
496   5855
497   5871
498   5879
499   5883
500   5983
501   5999
502   6007
503   6011
504   6063
505   6071
506   6075
507   6107
508   6143
509   7023
510   7031
511   7095
512   7167
513   7679
514   7935
515   8063
516   8127