#IMAGE   COL  LIG  NOM_DU_REPERE X_UTM7S(m)  Y_UTM7S(m)  Z_UTM7S(m)  INCERTITUDE_PLANI(m) INCERTITUDE_ALTI(m) LONG_WGS84  LAT_WGS84 H_WGS_84
#DSC04707 5031.0 857.0 DENISE 717933.044 7590075.844 10.9323 0.001 0.001  -2.42412724969  -0.38012640540          10.932
#DSC04706 3818.0 1639.0 DENISE 717933.044 7590075.844 10.9323 0.001 0.001  -2.42412724969  -0.38012640540          10.932
#DSC04705 5271.0 3158.0 DENISE 717933.044 7590075.844 10.9323 0.001 0.001  -2.42412724969  -0.38012640540          10.932
#DSC04916 1324.0 2392.4 DENISE 717933.044 7590075.844 10.9323 0.001 0.001  -2.42412724969  -0.38012640540          10.932
#DSC04917 1145.2 1178.2 DENISE 717933.044 7590075.844 10.9323 0.001 0.001  -2.42412724969  -0.38012640540          10.932
#DSC04918 1507.4 327.5 DENISE 717933.044 7590075.844 10.9323 0.001 0.001  -2.42412724969  -0.38012640540          10.932
#DSC04829 1850.1 3905.6 DENISE 717933.044 7590075.844 10.9323 0.001 0.001  -2.42412724969  -0.38012640540          10.932
#DSC04830 1218.9 2491.6 DENISE 717933.044 7590075.844 10.9323 0.001 0.001  -2.42412724969  -0.38012640540          10.932
#DSC04831 1389.3 1492.9 DENISE 717933.044 7590075.844 10.9323 0.001 0.001  -2.42412724969  -0.38012640540          10.932
DSC04749 3499.0 1332.4 FRANCOISE 720589.2512 7589304.485 -2.9028 0.001 0.001  -2.42367731943  -0.38024220352          -2.903
DSC04750 4079.8 1704.1 FRANCOISE 720589.2512 7589304.485 -2.9028 0.001 0.001  -2.42367731943  -0.38024220352          -2.903
DSC04751 5518.1 552.1 FRANCOISE 720589.2512 7589304.485 -2.9028 0.001 0.001  -2.42367731943  -0.38024220352          -2.903
DSC04959 1377.4 3395.2 FRANCOISE 720589.2512 7589304.485 -2.9028 0.001 0.001  -2.42367731943  -0.38024220352          -2.903
DSC04962 2991.6 927.9 FRANCOISE 720589.2512 7589304.485 -2.9028 0.001 0.001  -2.42367731943  -0.38024220352          -2.903
DSC04780 2212.2 780.3 AJ07 721968.4673 7587898.069 -6.478788889 0.01 0.05  -2.42344132017  -0.38046080609          -6.479
DSC04781 3838.1 1604.7 AJ07 721968.4673 7587898.069 -6.478788889 0.01 0.05  -2.42344132017  -0.38046080609          -6.479
DSC04782 3311.0 49.9 AJ07 721968.4673 7587898.069 -6.478788889 0.01 0.05  -2.42344132017  -0.38046080609          -6.479
DSC04992 44.0 252.4 AJ07 721968.4673 7587898.069 -6.478788889 0.01 0.05  -2.42344132017  -0.38046080609          -6.479
DSC04808 4540.0 3732.8 TOPO10 723531.25 7586952.39 -2.8488 0.001 0.001  -2.42317539472  -0.38060637996          -2.849
DSC04809 4106.4 2935.9 TOPO10 723531.25 7586952.39 -2.8488 0.001 0.001  -2.42317539472  -0.38060637996          -2.849
DSC04810 4800.4 120.0 TOPO10 723531.25 7586952.39 -2.8488 0.001 0.001  -2.42317539472  -0.38060637996          -2.849
DSC05019 1419.7 3318.7 TOPO10 723531.25 7586952.39 -2.8488 0.001 0.001  -2.42317539472  -0.38060637996          -2.849
DSC05020 1458.2 1732.8 TOPO10 723531.25 7586952.39 -2.8488 0.001 0.001  -2.42317539472  -0.38060637996          -2.849
DSC04862 2259.6 1537.9 KATHIE 726864.6198 7586493.938 -2.675 0.001 0.001  -2.42261183179  -0.38067119636          -2.675
DSC04861 1331.4 2234.3 KATHIE 726864.6198 7586493.938 -2.675 0.001 0.001  -2.42261183179  -0.38067119636          -2.675
DSC04860 1732.0 3216.6 KATHIE 726864.6198 7586493.938 -2.675 0.001 0.001  -2.42261183179  -0.38067119636          -2.675
DSC04710 2129.1 3751.8 QBB 718260.9144 7589885.903 -2.114788889 0.01 0.05  -2.42407149563  -0.38015563017          -2.115
DSC04711 1171.2 3875.1 QBB 718260.9144 7589885.903 -2.114788889 0.01 0.05  -2.42407149563  -0.38015563017          -2.115
DSC04712 2729.6 1484.9 QBB 718260.9144 7589885.903 -2.114788889 0.01 0.05  -2.42407149563  -0.38015563017          -2.115
DSC04960 3078.1 2555.9 KILO 720722.5429 7589454.951 -5.066 0.001 0.001  -2.42365518202  -0.38021820302          -5.066
DSC04961 3552.0 1601.0 KILO 720722.5429 7589454.951 -5.066 0.001 0.001  -2.42365518202  -0.38021820302          -5.066
DSC05175 3960.6 1109.6 KILO 720722.5429 7589454.951 -5.066 0.001 0.001  -2.42365518202  -0.38021820302          -5.066
DSC05203 1725.2 3025.1 OSCAR 722146.4345 7588073.3 -5 0.001 1  -2.42341170361  -0.38043280341          -5.000
DSC05204 1705.3 1354.5 OSCAR 722146.4345 7588073.3 -5 0.001 1  -2.42341170361  -0.38043280341          -5.000
DSC05205 1821.0 1722.0 OSCAR 722146.4345 7588073.3 -5 0.001 1  -2.42341170361  -0.38043280341          -5.000
DSC04993 5551.1 827.5 OSCAR 722146.4345 7588073.3 -5 0.001 1  -2.42341170361  -0.38043280341          -5.000
DSC04991 4268.0 2490.9 OSCAR 722146.4345 7588073.3 -5 0.001 1  -2.42341170361  -0.38043280341          -5.000
DSC04992 4808.5 1208.2 OSCAR 722146.4345 7588073.3 -5 0.001 1  -2.42341170361  -0.38043280341          -5.000
DSC05016 4790.1 2204.1 ECHO 723408.2829 7587202.612 -5 0.001 1  -2.42319673589  -0.38056722319          -5.000
DSC05017 4985.3 700.5 ECHO 723408.2829 7587202.612 -5 0.001 1  -2.42319673589  -0.38056722319          -5.000
DSC05018 4671.1 293.9 ECHO 723408.2829 7587202.612 -5 0.001 1  -2.42319673589  -0.38056722319          -5.000
DSC05226 2138.5 3850.6 ECHO 723408.2829 7587202.612 -5 0.001 1  -2.42319673589  -0.38056722319          -5.000
DSC05227 2035.6 3750.6 ECHO 723408.2829 7587202.612 -5 0.001 1  -2.42319673589  -0.38056722319          -5.000
DSC05228 1991.7 3768.6 ECHO 723408.2829 7587202.612 -5 0.001 1  -2.42319673589  -0.38056722319          -5.000
DSC04832 5503.0 3974.2 TOPO07 725086.9674 7586754.017 -2.9077 0.001 0.001  -2.42291241370  -0.38063418773          -2.908
DSC04833 5384.3 2365.8 TOPO07 725086.9674 7586754.017 -2.9077 0.001 0.001  -2.42291241370  -0.38063418773          -2.908
DSC04834 5568.4 1083.7 TOPO07 725086.9674 7586754.017 -2.9077 0.001 0.001  -2.42291241370  -0.38063418773          -2.908
DSC04835 4760.9 371.4 TOPO07 725086.9674 7586754.017 -2.9077 0.001 0.001  -2.42291241370  -0.38063418773          -2.908
DSC05043 2244.5 2099.0 TOPO07 725086.9674 7586754.017 -2.9077 0.001 0.001  -2.42291241370  -0.38063418773          -2.908
DSC05044 2931.3 1880.3 TOPO07 725086.9674 7586754.017 -2.9077 0.001 0.001  -2.42291241370  -0.38063418773          -2.908
DSC05045 2451.8 577.5 TOPO07 725086.9674 7586754.017 -2.9077 0.001 0.001  -2.42291241370  -0.38063418773          -2.908
DSC05068 5872.4 3176.3 JULIET 726748.7595 7586870.155 -5 0.001 1  -2.42263228532  -0.38061217553          -5.000
DSC05069 5979.2 2213.1 JULIET 726748.7595 7586870.155 -5 0.001 1  -2.42263228532  -0.38061217553          -5.000
DSC05280 3078.8 3819.9 JULIET 726748.7595 7586870.155 -5 0.001 1  -2.42263228532  -0.38061217553          -5.000
DSC05281 3504.9 2607.5 JULIET 726748.7595 7586870.155 -5 0.001 1  -2.42263228532  -0.38061217553          -5.000
DSC05282 3250.0 1370.5 JULIET 726748.7595 7586870.155 -5 0.001 1  -2.42263228532  -0.38061217553          -5.000
DSC05283 2946.6 459.5 JULIET 726748.7595 7586870.155 -5 0.001 1  -2.42263228532  -0.38061217553          -5.000
