AJ01 717440.177 7590126.950 -6.904 0.010 0.050
AJ02 717496.140 7590022.546 -7.052 0.010 0.050
AJ03 718545.771 7590081.904 -5.981 0.010 0.050
AJ04 718850.215 7589826.004 -5.380 0.010 0.050
AJ05 719478.278 7589653.059 -6.117 0.010 0.050
AJ06 720305.549 7589360.120 -6.477 0.010 0.050
AJ07 721968.467 7587898.069 -6.479 0.010 0.050
AJ08 723773.566 7586766.357 -7.119 0.010 0.050
AJ09 724332.196 7586623.644 -6.973  0.01 0.05
AJ10 725600.071 7586479.856 -7.165 0.010 0.050
AJ11 726043.780 7586491.487 -6.889 0.010 0.050
AJ12 726605.597 7586536.128 -6.653 0.010 0.050
AJ13 727573.145 7586188.110 -6.455 0.010 0.050
AJ14 724743.106 7580801.410 -4.979 0.010 0.050
AJ15 724923.909 7580620.632 -3.872 0.010 0.050
AJ16 724474.160 7580360.691 -6.590 0.010 0.050
QBB 718260.914 7589885.903 -2.115 0.010 0.050
RM1 719384.317 7589924.084 -6.306 0.010 0.050
RM2 719917.635 7589733.574 -6.165 0.010 0.050
RM3 720546.983 7589475.687 -5.998 0.010 0.050
RM4 721995.723 7588075.259 -6.921 0.010 0.050
RM5 723184.775 7587207.603 -6.739 0.010 0.050
RM6 723872.102 7586988.399 -6.324 0.010 0.050
RM7 726404.741 7586759.360 -5.823 0.010 0.050
TOPOSUD1 724255.963 7580229.414 -4.658 0.010 0.050
TOPOSUD2 723928.911 7580017.907 -4.335 0.010 0.050
TOUR_DP 727710.224 7586071.349 10.139 0.010 0.050
DENISE 717933.044 7590075.844 10.932 0.001 0.001
FRANCOISE 720589.251 7589304.485 -2.903 0.001 0.001
GISELE 721766.166 7588186.970 -2.698 0.001 0.001
JEANNE 724850.752 7586547.415 -2.180 0.001 0.001
KATHIE 726864.620 7586493.938 -2.675 0.001 0.001
KILO_GPS 720722.543 7589454.951 -5.066 0.001 0.001
SIMONE 723963.545 7580298.655 -3.486 0.001 0.001
TOPO02 726555.596 7586690.090 -3.032 0.001 0.001
TOPO03 726231.725 7586704.195 -2.992 0.001 0.001
TOPO04 725876.617 7586719.642 -2.981 0.001 0.001
TOPO05 725561.709 7586733.348 -2.920 0.001 0.001
TOPO06 725316.654 7586744.014 -2.937 0.001 0.001
TOPO07 725086.967 7586754.017 -2.908 0.001 0.001
TOPO08 724586.738 7586775.802 -2.896 0.001 0.001
TOPO09 724253.562 7586790.293 -2.889 0.001 0.001
TOPO10 723531.250 7586952.390 -2.849 0.001 0.001
TOPO12 723134.399 7587178.816 -2.759 0.001 0.001
TOPO13 722820.585 7587282.506 -3.068 0.001 0.001
TOPO14 722392.757 7587654.373 -2.999 0.001 0.001
TOPO15 722216.081 7587801.708 -4.366 0.001 0.001
TOPO16 721899.926 7588079.305 -4.320 0.001 0.001
TOPO17 721703.449 7588328.458 -4.387 0.001 0.001
TOPO18 721611.416 7588464.569 -4.009 0.001 0.001
TOPO19 721377.315 7588685.230 -3.506 0.001 0.001
TOPO20 721229.411 7588811.225 -3.529 0.001 0.001
TOPO21 720896.991 7589049.902 -2.963 0.001 0.001
TOPO22 720729.926 7589207.037 -2.737 0.001 0.001
TOPO25 722604.748 7587464.593 -4.095 0.001 0.001
VIVIANNE 717420.303 7580788.051 -2.686 0.001 0.001
JULIET 726748.760 7586870.155 -5.000 0.001 1.000
INDIA 726062.618 7586891.628 -5.000 0.001 1.000
HOTEL 725431.649 7586877.857 -5.000 0.001 1.000
GOLF 725212.323 7586871.619 -5.000 0.001 1.000
FOXTROT 724427.116 7586950.439 -5.000 0.001 1.000
ECHO 723408.283 7587202.612 -5.000 0.001 1.000
DELTA 722966.263 7587397.914 -5.000 0.001 1.000
CHARLIE 722959.187 7587378.824 -5.000 0.001 1.000
6C 722942.825 7587393.226 -5.000 0.001 1.000
BRAVO 722676.903 7587485.539 -5.000 0.001 1.000
ALPHA 722401.397 7587761.448 -5.000 0.001 1.000
OSCAR 722146.435 7588073.300 -5.000 0.001 1.000
NOVEMBER 721903.658 7588332.399 -5.000 0.001 1.000
MIKE 721531.256 7588702.730 -5.000 0.001 1.000
KILO 720723.836 7589454.201 -5.000 0.001 1.000
#NOM X (m) Y (m) Z (m) Incertitude plani (m) Incertitude alti (m)
