#NOM_DU_REPERE X_UTM7S(m)  Y_UTM7S(m)  Z_UTM7S(m)  INCERTITUDE_PLANI(m) INCERTITUDE_ALTI(m) LONG_WGS84  LAT_WGS84 H_WGS_84
PT001 726583.627 7586612.837 -5.992 0.01 0.05  -138.80816636356   -21.80981559531  -5.992
PT002 726567.255 7586548.901 -6.629 0.01 0.05  -138.80831585896   -21.81039491980  -6.629
PT003 726536.09 7586589.998 -6.089 0.01 0.05  -138.80862281239   -21.81002789094  -6.089
PT004 726402.378 7586620.713 -5.967 0.01 0.05  -138.80991976274   -21.80976774862  -5.967
PT005 726389.456 7586695.811 -5.497 0.01 0.05  -138.81005500792   -21.80909141049  -5.497
PT006 726296.117 7586600.154 -6.064 0.01 0.05  -138.81094427302   -21.80996698573  -6.064
PT007 726176.204 7586605.436 -6.059 0.01 0.05  -138.81210432116   -21.80993466965  -6.059
PT008 726047.65 7586710.72 -5.534 0.01 0.05  -138.81336162622   -21.80900061751  -5.534
PT009 725979.627 7586639.311 -5.981 0.01 0.05  -138.81400948100   -21.80965402036  -5.981
PT010 725936.353 7586616.037 -6.077 0.01 0.05  -138.81442466498   -21.80986968204  -6.077
PT011 725816.453 7586621.35 -6.075 0.01 0.05  -138.81558459245   -21.80983705982  -6.075
PT012 725757.554 7586659.31 -6.078 0.01 0.05  -138.81615923081   -21.80950188478  -6.078
PT013 725708.342 7586725.72 -5.455 0.01 0.05  -138.81664410847   -21.80890861690  -5.455
PT014 725571.541 7586572.558 -6.465 0.01 0.05  -138.81794573907   -21.81030888123  -6.465
PT015 725461.075 7586594.108 -4.521 0.01 0.05  -138.81901668394   -21.81012843849  -4.521
PT016 725492.371 7586802.239 -5.175 0.01 0.05  -138.81874258557   -21.80824539249  -5.175
