#IMAGE   COL  LIG  NOM_DU_REPERE X_UTM7S(m)  Y_UTM7S(m)  Z_UTM7S(m)  INCERTITUDE_PLANI(m) INCERTITUDE_ALTI(m) LONG_WGS84  LAT_WGS84 H_WGS_84
DSC04696 4166.314 3625.523 AJ01 717440.1774 7590126.95 -6.903788889 0.01 0.05  -138.89703145153   -21.77923798862  -6.904
DSC04698 5108.441 3524.928 AJ01 717440.1774 7590126.95 -6.903788889 0.01 0.05  -138.89703145153   -21.77923798862  -6.904
DSC04700 4109.45 414.007 AJ01 717440.1774 7590126.95 -6.903788889 0.01 0.05  -138.89703145153   -21.77923798862  -6.904
DSC04908 2057.691 3580.781 AJ01 717440.1774 7590126.95 -6.903788889 0.01 0.05  -138.89703145153   -21.77923798862  -6.904
DSC04909 1287.618 1992.735 AJ01 717440.1774 7590126.95 -6.903788889 0.01 0.05  -138.89703145153   -21.77923798862  -6.904
DSC04910 1169.958 919.034 AJ01 717440.1774 7590126.95 -6.903788889 0.01 0.05  -138.89703145153   -21.77923798862  -6.904
DSC04699 2196.581 1274.921 AJ02 717496.1404 7590022.546 -7.051788889 0.01 0.05  -138.89647673027   -21.78017373510  -7.052
DSC04700 2177.622 1599.919 AJ02 717496.1404 7590022.546 -7.051788889 0.01 0.05  -138.89647673027   -21.78017373510  -7.052
DSC04701 1347.209 754.752 AJ02 717496.1404 7590022.546 -7.051788889 0.01 0.05  -138.89647673027   -21.78017373510  -7.052
DSC04715 5773.042 1698.148 AJ03 718545.7714 7590081.904 -5.980788889 0.01 0.05  -138.88633828608   -21.77950834720  -5.981
DSC04924 3366.063 3352.044 AJ03 718545.7714 7590081.904 -5.980788889 0.01 0.05  -138.88633828608   -21.77950834720  -5.981
DSC04925 3656.404 3679.362 AJ03 718545.7714 7590081.904 -5.980788889 0.01 0.05  -138.88633828608   -21.77950834720  -5.981
DSC04926 2942.167 2302.239 AJ03 718545.7714 7590081.904 -5.980788889 0.01 0.05  -138.88633828608   -21.77950834720  -5.981
DSC04927 3890.805 346.075 AJ03 718545.7714 7590081.904 -5.980788889 0.01 0.05  -138.88633828608   -21.77950834720  -5.981
DSC05136 813.172 2723.299 AJ03 718545.7714 7590081.904 -5.980788889 0.01 0.05  -138.88633828608   -21.77950834720  -5.981
DSC05138 2349.035 2232.396 AJ03 718545.7714 7590081.904 -5.980788889 0.01 0.05  -138.88633828608   -21.77950834720  -5.981
DSC04719 2524.836 3492.266 AJ04 718850.2154 7589826.004 -5.379788889 0.01 0.05  -138.88336146723   -21.78178110244  -5.380
DSC04720 2467.628 3232.808 AJ04 718850.2154 7589826.004 -5.379788889 0.01 0.05  -138.88336146723   -21.78178110244  -5.380
DSC04721 3367.589 2235.331 AJ04 718850.2154 7589826.004 -5.379788889 0.01 0.05  -138.88336146723   -21.78178110244  -5.380
DSC04722 2263.442 1076.546 AJ04 718850.2154 7589826.004 -5.379788889 0.01 0.05  -138.88336146723   -21.78178110244  -5.380
DSC04933 351.945 939.084 AJ04 718850.2154 7589826.004 -5.379788889 0.01 0.05  -138.88336146723   -21.78178110244  -5.380
DSC04729 2903.477 3662.579 AJ05 719478.2784 7589653.059 -6.116788889 0.01 0.05  -138.87726725032   -21.78326466886  -6.117
DSC04730 2584.689 2576.711 AJ05 719478.2784 7589653.059 -6.116788889 0.01 0.05  -138.87726725032   -21.78326466886  -6.117
DSC04731 2454.611 3064.053 AJ05 719478.2784 7589653.059 -6.116788889 0.01 0.05  -138.87726725032   -21.78326466886  -6.117
DSC04732 2914.349 1437.449 AJ05 719478.2784 7589653.059 -6.116788889 0.01 0.05  -138.87726725032   -21.78326466886  -6.117
DSC04941 321.593 2918.2 AJ05 719478.2784 7589653.059 -6.116788889 0.01 0.05  -138.87726725032   -21.78326466886  -6.117
DSC04744 1180.927 1856.254 AJ06 720305.5494 7589360.12 -6.476788889 0.01 0.05  -138.86923122262   -21.78580654568  -6.477
DSC04745 315.401 3246.409 AJ06 720305.5494 7589360.12 -6.476788889 0.01 0.05  -138.86923122262   -21.78580654568  -6.477
DSC04746 3140.831 358.975 AJ06 720305.5494 7589360.12 -6.476788889 0.01 0.05  -138.86923122262   -21.78580654568  -6.477
DSC04748 776.43 35.495 AJ06 720305.5494 7589360.12 -6.476788889 0.01 0.05  -138.86923122262   -21.78580654568  -6.477
DSC04780 2210.673 779.101 AJ07 721968.4673 7587898.069 -6.478788889 0.01 0.05  -138.85295954310   -21.79879845887  -6.479
DSC04781 3837.188 1605.484 AJ07 721968.4673 7587898.069 -6.478788889 0.01 0.05  -138.85295954310   -21.79879845887  -6.479
DSC04782 3309.779 49.126 AJ07 721968.4673 7587898.069 -6.478788889 0.01 0.05  -138.85295954310   -21.79879845887  -6.479
DSC04992 42.354 252.117 AJ07 721968.4673 7587898.069 -6.478788889 0.01 0.05  -138.85295954310   -21.79879845887  -6.479
DSC04813 2504.47 2440.187 AJ08 723773.5664 7586766.357 -7.118788889 0.01 0.05  -138.83535516553   -21.80878808724  -7.119
DSC04814 2649.62 460.391 AJ08 723773.5664 7586766.357 -7.118788889 0.01 0.05  -138.83535516553   -21.80878808724  -7.119
DSC04815 4395.306 287.6 AJ08 723773.5664 7586766.357 -7.118788889 0.01 0.05  -138.83535516553   -21.80878808724  -7.119
DSC04841 495.666 2956.985 AJ10 725600.0713 7586479.856 -7.164788889 0.01 0.05  -138.81765721559   -21.81114216587  -7.165
DSC04842 458.186 1930.602 AJ10 725600.0713 7586479.856 -7.164788889 0.01 0.05  -138.81765721559   -21.81114216587  -7.165
DSC04843 378.273 285.31 AJ10 725600.0713 7586479.856 -7.164788889 0.01 0.05  -138.81765721559   -21.81114216587  -7.165
DSC04847 683.824 3465.77 AJ11 726043.7803 7586491.487 -6.888788889 0.01 0.05  -138.81336897057   -21.81098038474  -6.889
DSC04848 1176.195 1470.953 AJ11 726043.7803 7586491.487 -6.888788889 0.01 0.05  -138.81336897057   -21.81098038474  -6.889
DSC04849 1337.895 1224.407 AJ11 726043.7803 7586491.487 -6.888788889 0.01 0.05  -138.81336897057   -21.81098038474  -6.889
DSC04850 523.505 555.98 AJ11 726043.7803 7586491.487 -6.888788889 0.01 0.05  -138.81336897057   -21.81098038474  -6.889
DSC04856 2499.876 3365.748 AJ12 726605.5974 7586536.128 -6.652788889 0.01 0.05  -138.80794340678   -21.81050531362  -6.653
DSC04857 2247.991 2057.584 AJ12 726605.5974 7586536.128 -6.652788889 0.01 0.05  -138.80794340678   -21.81050531362  -6.653
DSC04858 2153.313 1047.675 AJ12 726605.5974 7586536.128 -6.652788889 0.01 0.05  -138.80794340678   -21.81050531362  -6.653
DSC04859 2717.815 2.666 AJ12 726605.5974 7586536.128 -6.652788889 0.01 0.05  -138.80794340678   -21.81050531362  -6.653
DSC05067 44.252 3098.985 AJ12 726605.5974 7586536.128 -6.652788889 0.01 0.05  -138.80794340678   -21.81050531362  -6.653
DSC04997 4483.665 3414.491 ALPHA 722401.3965 7587761.448 -5 0.001 1  -138.84875575918   -21.79997745648  -5.000
DSC04998 3309.898 849.471 ALPHA 722401.3965 7587761.448 -5 0.001 1  -138.84875575918   -21.79997745648  -5.000
DSC05209 1025.206 3432.34 ALPHA 722401.3965 7587761.448 -5 0.001 1  -138.84875575918   -21.79997745648  -5.000
DSC05210 1355.546 1332.875 ALPHA 722401.3965 7587761.448 -5 0.001 1  -138.84875575918   -21.79997745648  -5.000
DSC05211 1720.658 1747.581 ALPHA 722401.3965 7587761.448 -5 0.001 1  -138.84875575918   -21.79997745648  -5.000
DSC05004 3914.873 1990.226 BRAVO 722676.9027 7587485.539 -5 0.001 1  -138.84605501779   -21.80243374450  -5.000
DSC05005 5807.096 734.95 BRAVO 722676.9027 7587485.539 -5 0.001 1  -138.84605501779   -21.80243374450  -5.000
DSC05217 2615.014 1566.307 BRAVO 722676.9027 7587485.539 -5 0.001 1  -138.84605501779   -21.80243374450  -5.000
DSC05009 4073.044 580.491 6C 722942.825 7587393.226 -5 0.001 1  -138.84347166721   -21.80323362112  -5.000
DSC05010 5315.665 164.017 6C 722942.825 7587393.226 -5 0.001 1  -138.84347166721   -21.80323362112  -5.000
DSC05220 3537.488 3073.521 6C 722942.825 7587393.226 -5 0.001 1  -138.84347166721   -21.80323362112  -5.000
DSC05009 3927.324 967.374 CHARLIE 722959.1874 7587378.824 -5 0.001 1  -138.84331153142   -21.80336158122  -5.000
DSC05010 5186.988 559.572 CHARLIE 722959.1874 7587378.824 -5 0.001 1  -138.84331153142   -21.80336158122  -5.000
DSC05220 3406.011 3478.096 CHARLIE 722959.1874 7587378.824 -5 0.001 1  -138.84331153142   -21.80336158122  -5.000
DSC05221 1624.033 177.287 CHARLIE 722959.1874 7587378.824 -5 0.001 1  -138.84331153142   -21.80336158122  -5.000
DSC05009 4304.961 966.031 DELTA 722966.2629 7587397.914 -5 0.001 1  -138.84324570851   -21.80318833645  -5.000
DSC05010 5577.193 537.5 DELTA 722966.2629 7587397.914 -5 0.001 1  -138.84324570851   -21.80318833645  -5.000
DSC05220 3800.888 3453.644 DELTA 722966.2629 7587397.914 -5 0.001 1  -138.84324570851   -21.80318833645  -5.000
DSC05221 2030.734 188.233 DELTA 722966.2629 7587397.914 -5 0.001 1  -138.84324570851   -21.80318833645  -5.000
DSC04705 5269.863 3157.494 DENISE 717933.044 7590075.844 10.9323 0.001 0.001  -138.89226040985   -21.77963871110  10.932
DSC04706 3817.893 1639.384 DENISE 717933.044 7590075.844 10.9323 0.001 0.001  -138.89226040985   -21.77963871110  10.932
DSC04707 5030.71 857.098 DENISE 717933.044 7590075.844 10.9323 0.001 0.001  -138.89226040985   -21.77963871110  10.932
DSC04916 1323.085 2392.052 DENISE 717933.044 7590075.844 10.9323 0.001 0.001  -138.89226040985   -21.77963871110  10.932
DSC04917 1144.354 1177.408 DENISE 717933.044 7590075.844 10.9323 0.001 0.001  -138.89226040985   -21.77963871110  10.932
DSC04918 1506.484 326.893 DENISE 717933.044 7590075.844 10.9323 0.001 0.001  -138.89226040985   -21.77963871110  10.932
DSC05016 4791.524 2207.623 ECHO 723408.2829 7587202.612 -5 0.001 1  -138.83894589634   -21.80489570969  -5.000
DSC05017 4987.383 703.084 ECHO 723408.2829 7587202.612 -5 0.001 1  -138.83894589634   -21.80489570969  -5.000
DSC05018 4670.42 293.791 ECHO 723408.2829 7587202.612 -5 0.001 1  -138.83894589634   -21.80489570969  -5.000
DSC05226 2138.493 3851.303 ECHO 723408.2829 7587202.612 -5 0.001 1  -138.83894589634   -21.80489570969  -5.000
DSC05227 2035.482 3751.577 ECHO 723408.2829 7587202.612 -5 0.001 1  -138.83894589634   -21.80489570969  -5.000
DSC05228 1990.765 3769.936 ECHO 723408.2829 7587202.612 -5 0.001 1  -138.83894589634   -21.80489570969  -5.000
DSC05230 2370.536 41.378 ECHO 723408.2829 7587202.612 -5 0.001 1  -138.83894589634   -21.80489570969  -5.000
DSC05231 2228.465 90.403 ECHO 723408.2829 7587202.612 -5 0.001 1  -138.83894589634   -21.80489570969  -5.000
DSC05033 5570.428 2180.507 FOXTROT 724427.1164 7586950.439 -5 0.001 1  -138.82906165027   -21.80704316907  -5.000
DSC05034 5418.506 1773.799 FOXTROT 724427.1164 7586950.439 -5 0.001 1  -138.82906165027   -21.80704316907  -5.000
DSC05244 4592.809 2098.097 FOXTROT 724427.1164 7586950.439 -5 0.001 1  -138.82906165027   -21.80704316907  -5.000
DSC05245 2439.13 2635.469 FOXTROT 724427.1164 7586950.439 -5 0.001 1  -138.82906165027   -21.80704316907  -5.000
DSC05246 3309.623 1907.8 FOXTROT 724427.1164 7586950.439 -5 0.001 1  -138.82906165027   -21.80704316907  -5.000
DSC04749 3498.019 1332.038 FRANCOISE 720589.2512 7589304.485 -2.9028 0.001 0.001  -138.86648130518   -21.78627345433  -2.903
DSC04750 4078.792 1703.967 FRANCOISE 720589.2512 7589304.485 -2.9028 0.001 0.001  -138.86648130518   -21.78627345433  -2.903
DSC04751 5517.338 552.473 FRANCOISE 720589.2512 7589304.485 -2.9028 0.001 0.001  -138.86648130518   -21.78627345433  -2.903
DSC04959 1377.376 3394.332 FRANCOISE 720589.2512 7589304.485 -2.9028 0.001 0.001  -138.86648130518   -21.78627345433  -2.903
DSC04962 2990.87 928.03 FRANCOISE 720589.2512 7589304.485 -2.9028 0.001 0.001  -138.86648130518   -21.78627345433  -2.903
DSC05175 374.614 54.169 FRANCOISE 720589.2512 7589304.485 -2.9028 0.001 0.001  -138.86648130518   -21.78627345433  -2.903
DSC04774 3007.034 2169.064 GISELE 721766.1663 7588186.97 -2.6979 0.001 0.001  -138.85495414584   -21.79621555382  -2.698
DSC04775 3882.895 1011.705 GISELE 721766.1663 7588186.97 -2.6979 0.001 0.001  -138.85495414584   -21.79621555382  -2.698
DSC04776 5057.21 1341.15 GISELE 721766.1663 7588186.97 -2.6979 0.001 0.001  -138.85495414584   -21.79621555382  -2.698
DSC04985 846.808 2780.934 GISELE 721766.1663 7588186.97 -2.6979 0.001 0.001  -138.85495414584   -21.79621555382  -2.698
DSC04986 418.789 825.734 GISELE 721766.1663 7588186.97 -2.6979 0.001 0.001  -138.85495414584   -21.79621555382  -2.698
DSC04987 1656.672 1622.557 GISELE 721766.1663 7588186.97 -2.6979 0.001 0.001  -138.85495414584   -21.79621555382  -2.698
DSC05045 4980.774 2703.746 GOLF 725212.3235 7586871.619 -5 0.001 1  -138.82145955785   -21.80765476863  -5.000
DSC05046 5067.878 1121.711 GOLF 725212.3235 7586871.619 -5 0.001 1  -138.82145955785   -21.80765476863  -5.000
DSC05047 4677.478 313.175 GOLF 725212.3235 7586871.619 -5 0.001 1  -138.82145955785   -21.80765476863  -5.000
DSC05256 1881.931 3026.43 GOLF 725212.3235 7586871.619 -5 0.001 1  -138.82145955785   -21.80765476863  -5.000
DSC05257 1928.099 3379.847 GOLF 725212.3235 7586871.619 -5 0.001 1  -138.82145955785   -21.80765476863  -5.000
DSC05258 2379.161 2203.811 GOLF 725212.3235 7586871.619 -5 0.001 1  -138.82145955785   -21.80765476863  -5.000
DSC05048 5366.374 2900.406 HOTEL 725431.6493 7586877.857 -5 0.001 1  -138.81933998284   -21.80757045396  -5.000
DSC05049 4802.635 1025.272 HOTEL 725431.6493 7586877.857 -5 0.001 1  -138.81933998284   -21.80757045396  -5.000
DSC05050 5345.438 729.318 HOTEL 725431.6493 7586877.857 -5 0.001 1  -138.81933998284   -21.80757045396  -5.000
DSC05259 2329.223 3487.114 HOTEL 725431.6493 7586877.857 -5 0.001 1  -138.81933998284   -21.80757045396  -5.000
DSC05260 2185.031 2272.671 HOTEL 725431.6493 7586877.857 -5 0.001 1  -138.81933998284   -21.80757045396  -5.000
DSC05261 2177.424 2496.048 HOTEL 725431.6493 7586877.857 -5 0.001 1  -138.81933998284   -21.80757045396  -5.000
DSC05262 2645.83 1088.397 HOTEL 725431.6493 7586877.857 -5 0.001 1  -138.81933998284   -21.80757045396  -5.000
DSC05058 5464.134 2558.123 INDIA 726062.618 7586891.628 -5 0.001 1  -138.81324172691   -21.80736543310  -5.000
DSC05270 2850.687 1455.399 INDIA 726062.618 7586891.628 -5 0.001 1  -138.81324172691   -21.80736543310  -5.000
DSC05271 2788.438 2145.444 INDIA 726062.618 7586891.628 -5 0.001 1  -138.81324172691   -21.80736543310  -5.000
DSC05272 3533.733 1009.317 INDIA 726062.618 7586891.628 -5 0.001 1  -138.81324172691   -21.80736543310  -5.000
DSC04829 1849.259 3904.725 JEANNE 724850.7523 7586547.415 -2.18 0.001 0.001  -138.82491098499   -21.81062785350  -2.180
DSC04830 1218.678 2490.307 JEANNE 724850.7523 7586547.415 -2.18 0.001 0.001  -138.82491098499   -21.81062785350  -2.180
DSC04831 1388.571 1491.335 JEANNE 724850.7523 7586547.415 -2.18 0.001 0.001  -138.82491098499   -21.81062785350  -2.180
DSC05068 5872.958 3180.186 JULIET 726748.7595 7586870.155 -5 0.001 1  -138.80660526124   -21.80747128924  -5.000
DSC05069 5979.229 2217.438 JULIET 726748.7595 7586870.155 -5 0.001 1  -138.80660526124   -21.80747128924  -5.000
DSC05280 3079.234 3824.314 JULIET 726748.7595 7586870.155 -5 0.001 1  -138.80660526124   -21.80747128924  -5.000
DSC05281 3505.015 2611.682 JULIET 726748.7595 7586870.155 -5 0.001 1  -138.80660526124   -21.80747128924  -5.000
DSC05282 3249.76 1374.188 JULIET 726748.7595 7586870.155 -5 0.001 1  -138.80660526124   -21.80747128924  -5.000
DSC05283 2946.86 463.476 JULIET 726748.7595 7586870.155 -5 0.001 1  -138.80660526124   -21.80747128924  -5.000
DSC04860 1731.625 3216.216 KATHIE 726864.6198 7586493.938 -2.675 0.001 0.001  -138.80543336029   -21.81085293389  -2.675
DSC04861 1328.075 2234.258 KATHIE 726864.6198 7586493.938 -2.675 0.001 0.001  -138.80543336029   -21.81085293389  -2.675
DSC04862 2257.789 1538.91 KATHIE 726864.6198 7586493.938 -2.675 0.001 0.001  -138.80543336029   -21.81085293389  -2.675
DSC04960 3077.21 2555.238 KILO 720723.8359 7589454.201 -5 0.001 1  -138.86520032524   -21.78490493724  -5.000
DSC04961 3551.344 1600.591 KILO 720723.8359 7589454.201 -5 0.001 1  -138.86520032524   -21.78490493724  -5.000
DSC05171 1147.095 3330.012 KILO 720723.8359 7589454.201 -5 0.001 1  -138.86520032524   -21.78490493724  -5.000
DSC05174 2145.13 487.296 KILO 720723.8359 7589454.201 -5 0.001 1  -138.86520032524   -21.78490493724  -5.000
DSC05175 3960.131 1108.676 KILO 720723.8359 7589454.201 -5 0.001 1  -138.86520032524   -21.78490493724  -5.000
DSC04960 3087.372 2529.55 KILO_GPS 720722.5429 7589454.951 -5.066 0.001 0.001  -138.86521292458   -21.78489832736  -5.066
DSC04961 3556.981 1573.375 KILO_GPS 720722.5429 7589454.951 -5.066 0.001 0.001  -138.86521292458   -21.78489832736  -5.066
DSC05171 1154.82 3303.337 KILO_GPS 720722.5429 7589454.951 -5.066 0.001 0.001  -138.86521292458   -21.78489832736  -5.066
DSC05174 2149.522 458.651 KILO_GPS 720722.5429 7589454.951 -5.066 0.001 0.001  -138.86521292458   -21.78489832736  -5.066
DSC05175 3968.117 1081.748 KILO_GPS 720722.5429 7589454.951 -5.066 0.001 0.001  -138.86521292458   -21.78489832736  -5.066
DSC04977 4282.987 2405.533 MIKE 721531.2563 7588702.73 -5 0.001 1  -138.85729437637   -21.79158852368  -5.000
DSC04978 4233.026 2693.663 MIKE 721531.2563 7588702.73 -5 0.001 1  -138.85729437637   -21.79158852368  -5.000
DSC04979 4136.994 1965.578 MIKE 721531.2563 7588702.73 -5 0.001 1  -138.85729437637   -21.79158852368  -5.000
DSC04985 4630.745 3321.305 NOVEMBER 721903.6578 7588332.399 -5 0.001 1  -138.85364452660   -21.79488529018  -5.000
DSC04986 4249.457 1447.239 NOVEMBER 721903.6578 7588332.399 -5 0.001 1  -138.85364452660   -21.79488529018  -5.000
DSC04987 5421.209 2206.846 NOVEMBER 721903.6578 7588332.399 -5 0.001 1  -138.85364452660   -21.79488529018  -5.000
DSC05197 1858.386 3655.358 NOVEMBER 721903.6578 7588332.399 -5 0.001 1  -138.85364452660   -21.79488529018  -5.000
DSC05198 2003.684 2678.378 NOVEMBER 721903.6578 7588332.399 -5 0.001 1  -138.85364452660   -21.79488529018  -5.000
DSC04991 4266.854 2489.803 OSCAR 722146.4345 7588073.3 -5 0.001 1  -138.85126263957   -21.79719402397  -5.000
DSC04992 4807.71 1207.579 OSCAR 722146.4345 7588073.3 -5 0.001 1  -138.85126263957   -21.79719402397  -5.000
DSC04993 5549.732 825.964 OSCAR 722146.4345 7588073.3 -5 0.001 1  -138.85126263957   -21.79719402397  -5.000
DSC05203 1725.015 3024.385 OSCAR 722146.4345 7588073.3 -5 0.001 1  -138.85126263957   -21.79719402397  -5.000
DSC05204 1703.104 1354.456 OSCAR 722146.4345 7588073.3 -5 0.001 1  -138.85126263957   -21.79719402397  -5.000
DSC05205 1819.764 1721.316 OSCAR 722146.4345 7588073.3 -5 0.001 1  -138.85126263957   -21.79719402397  -5.000
DSC04710 2128.04 3751.557 QBB 718260.9144 7589885.903 -2.114788889 0.01 0.05  -138.88906593776   -21.78131316713  -2.115
DSC04711 1170.845 3875.013 QBB 718260.9144 7589885.903 -2.114788889 0.01 0.05  -138.88906593776   -21.78131316713  -2.115
DSC04712 2728.514 1486.168 QBB 718260.9144 7589885.903 -2.114788889 0.01 0.05  -138.88906593776   -21.78131316713  -2.115
DSC04714 1706.27 679.669 QBB 718260.9144 7589885.903 -2.114788889 0.01 0.05  -138.88906593776   -21.78131316713  -2.115
DSC04937 5012.077 3985.982 RM1 719384.3174 7589924.084 -6.305788889 0.01 0.05  -138.87821155906   -21.78082936397  -6.306
DSC04938 3576.13 3495.865 RM1 719384.3174 7589924.084 -6.305788889 0.01 0.05  -138.87821155906   -21.78082936397  -6.306
DSC04939 4866.227 2700.196 RM1 719384.3174 7589924.084 -6.305788889 0.01 0.05  -138.87821155906   -21.78082936397  -6.306
DSC04940 3369.822 1232.433 RM1 719384.3174 7589924.084 -6.305788889 0.01 0.05  -138.87821155906   -21.78082936397  -6.306
DSC05150 1192.776 3512.765 RM1 719384.3174 7589924.084 -6.305788889 0.01 0.05  -138.87821155906   -21.78082936397  -6.306
DSC05151 1265.976 2280.037 RM1 719384.3174 7589924.084 -6.305788889 0.01 0.05  -138.87821155906   -21.78082936397  -6.306
DSC05152 1488.792 860.172 RM1 719384.3174 7589924.084 -6.305788889 0.01 0.05  -138.87821155906   -21.78082936397  -6.306
DSC04947 3402.821 3035.486 RM2 719917.6354 7589733.574 -6.164788889 0.01 0.05  -138.87303086712   -21.78248311766  -6.165
DSC04948 3312.368 1766.182 RM2 719917.6354 7589733.574 -6.164788889 0.01 0.05  -138.87303086712   -21.78248311766  -6.165
DSC04949 3786.403 714.759 RM2 719917.6354 7589733.574 -6.164788889 0.01 0.05  -138.87303086712   -21.78248311766  -6.165
DSC05159 772.135 1625.979 RM2 719917.6354 7589733.574 -6.164788889 0.01 0.05  -138.87303086712   -21.78248311766  -6.165
DSC05161 2078.627 1235.187 RM2 719917.6354 7589733.574 -6.164788889 0.01 0.05  -138.87303086712   -21.78248311766  -6.165
DSC04748 4562.389 3336.984 RM3 720546.9834 7589475.687 -5.997788889 0.01 0.05  -138.86691277716   -21.78473303118  -5.998
DSC04957 4479.236 3373.94 RM3 720546.9834 7589475.687 -5.997788889 0.01 0.05  -138.86691277716   -21.78473303118  -5.998
DSC04958 2314.244 2674.377 RM3 720546.9834 7589475.687 -5.997788889 0.01 0.05  -138.86691277716   -21.78473303118  -5.998
DSC04959 4094.209 1337.98 RM3 720546.9834 7589475.687 -5.997788889 0.01 0.05  -138.86691277716   -21.78473303118  -5.998
DSC05170 197.759 3165.692 RM3 720546.9834 7589475.687 -5.997788889 0.01 0.05  -138.86691277716   -21.78473303118  -5.998
DSC05172 1233.354 753.169 RM3 720546.9834 7589475.687 -5.997788889 0.01 0.05  -138.86691277716   -21.78473303118  -5.998
DSC04777 4229.611 3251.47 RM4 721995.7234 7588075.259 -6.920788889 0.01 0.05  -138.85271989368   -21.79719528812  -6.921
DSC04778 5704.055 2879.689 RM4 721995.7234 7588075.259 -6.920788889 0.01 0.05  -138.85271989368   -21.79719528812  -6.921
DSC04779 5710.029 2636.552 RM4 721995.7234 7588075.259 -6.920788889 0.01 0.05  -138.85271989368   -21.79719528812  -6.921
DSC04988 1951.602 3579.474 RM4 721995.7234 7588075.259 -6.920788889 0.01 0.05  -138.85271989368   -21.79719528812  -6.921
DSC04989 2258.416 2411.025 RM4 721995.7234 7588075.259 -6.920788889 0.01 0.05  -138.85271989368   -21.79719528812  -6.921
DSC04990 3253.015 2479.575 RM4 721995.7234 7588075.259 -6.920788889 0.01 0.05  -138.85271989368   -21.79719528812  -6.921
DSC04991 2667.027 94.949 RM4 721995.7234 7588075.259 -6.920788889 0.01 0.05  -138.85271989368   -21.79719528812  -6.921
DSC05203 75.021 590.589 RM4 721995.7234 7588075.259 -6.920788889 0.01 0.05  -138.85271989368   -21.79719528812  -6.921
DSC04801 5625.37 3792.775 RM5 723184.7754 7587207.603 -6.738788889 0.01 0.05  -138.84110741576   -21.80487891964  -6.739
DSC04802 5439.745 1998.853 RM5 723184.7754 7587207.603 -6.738788889 0.01 0.05  -138.84110741576   -21.80487891964  -6.739
DSC04804 5377.28 1058.88 RM5 723184.7754 7587207.603 -6.738788889 0.01 0.05  -138.84110741576   -21.80487891964  -6.739
DSC05012 2823.965 3700.721 RM5 723184.7754 7587207.603 -6.738788889 0.01 0.05  -138.84110741576   -21.80487891964  -6.739
DSC05013 3765.312 2174.013 RM5 723184.7754 7587207.603 -6.738788889 0.01 0.05  -138.84110741576   -21.80487891964  -6.739
DSC05014 3449.28 1069.428 RM5 723184.7754 7587207.603 -6.738788889 0.01 0.05  -138.84110741576   -21.80487891964  -6.739
DSC05015 4073.466 589.774 RM5 723184.7754 7587207.603 -6.738788889 0.01 0.05  -138.84110741576   -21.80487891964  -6.739
DSC05223 2441.081 4020.659 RM5 723184.7754 7587207.603 -6.738788889 0.01 0.05  -138.84110741576   -21.80487891964  -6.739
DSC05224 326.272 1822.36 RM5 723184.7754 7587207.603 -6.738788889 0.01 0.05  -138.84110741576   -21.80487891964  -6.739
DSC05225 285.329 3188.081 RM5 723184.7754 7587207.603 -6.738788889 0.01 0.05  -138.84110741576   -21.80487891964  -6.739
DSC05024 4229.756 2150.348 RM6 723872.1024 7586988.399 -6.323788889 0.01 0.05  -138.83443266584   -21.80677093171  -6.324
DSC05025 4175.182 801.249 RM6 723872.1024 7586988.399 -6.323788889 0.01 0.05  -138.83443266584   -21.80677093171  -6.324
DSC05235 1218.014 2204.815 RM6 723872.1024 7586988.399 -6.323788889 0.01 0.05  -138.83443266584   -21.80677093171  -6.324
DSC05236 1707.348 2258.77 RM6 723872.1024 7586988.399 -6.323788889 0.01 0.05  -138.83443266584   -21.80677093171  -6.324
DSC05237 1357.879 2490.557 RM6 723872.1024 7586988.399 -6.323788889 0.01 0.05  -138.83443266584   -21.80677093171  -6.324
DSC05063 3671.989 2584.573 RM7 726404.7414 7586759.36 -5.822788889 0.01 0.05  -138.80991595823   -21.80851572029  -5.823
DSC05064 4118.051 1707.004 RM7 726404.7414 7586759.36 -5.822788889 0.01 0.05  -138.80991595823   -21.80851572029  -5.823
DSC05065 3471.918 535.265 RM7 726404.7414 7586759.36 -5.822788889 0.01 0.05  -138.80991595823   -21.80851572029  -5.823
DSC05275 1058.112 3696.246 RM7 726404.7414 7586759.36 -5.822788889 0.01 0.05  -138.80991595823   -21.80851572029  -5.823
DSC05276 906.848 1811.2 RM7 726404.7414 7586759.36 -5.822788889 0.01 0.05  -138.80991595823   -21.80851572029  -5.823
DSC05277 466.359 1242.046 RM7 726404.7414 7586759.36 -5.822788889 0.01 0.05  -138.80991595823   -21.80851572029  -5.823
DSC05278 768.977 20.308 RM7 726404.7414 7586759.36 -5.822788889 0.01 0.05  -138.80991595823   -21.80851572029  -5.823
DSC04855 5864.98 3021.731 TOPO02 726555.5964 7586690.09 -3.0319 0.001 0.001  -138.80844798247   -21.80912174303  -3.032
DSC04856 5347.666 2074.147 TOPO02 726555.5964 7586690.09 -3.0319 0.001 0.001  -138.80844798247   -21.80912174303  -3.032
DSC04857 5090.489 769.087 TOPO02 726555.5964 7586690.09 -3.0319 0.001 0.001  -138.80844798247   -21.80912174303  -3.032
DSC05065 2425.148 3541.906 TOPO02 726555.5964 7586690.09 -3.0319 0.001 0.001  -138.80844798247   -21.80912174303  -3.032
DSC05066 2458.808 2216.583 TOPO02 726555.5964 7586690.09 -3.0319 0.001 0.001  -138.80844798247   -21.80912174303  -3.032
DSC05067 2937.552 1893.957 TOPO02 726555.5964 7586690.09 -3.0319 0.001 0.001  -138.80844798247   -21.80912174303  -3.032
DSC04850 5112.951 3602.995 TOPO03 726231.7252 7586704.195 -2.9915 0.001 0.001  -138.81158109588   -21.80903594239  -2.991
DSC04851 5847.935 1934.608 TOPO03 726231.7252 7586704.195 -2.9915 0.001 0.001  -138.81158109588   -21.80903594239  -2.991
DSC05060 2353.562 3126.791 TOPO03 726231.7252 7586704.195 -2.9915 0.001 0.001  -138.81158109588   -21.80903594239  -2.991
DSC05061 2343.101 2055.676 TOPO03 726231.7252 7586704.195 -2.9915 0.001 0.001  -138.81158109588   -21.80903594239  -2.991
DSC05062 2749.688 1318.787 TOPO03 726231.7252 7586704.195 -2.9915 0.001 0.001  -138.81158109588   -21.80903594239  -2.991
DSC04844 5539.558 3677.834 TOPO04 725876.6173 7586719.642 -2.9812 0.001 0.001  -138.81501639123   -21.80894196378  -2.981
DSC04845 5467.294 3219.424 TOPO04 725876.6173 7586719.642 -2.9812 0.001 0.001  -138.81501639123   -21.80894196378  -2.981
DSC04846 5574.524 1842.049 TOPO04 725876.6173 7586719.642 -2.9812 0.001 0.001  -138.81501639123   -21.80894196378  -2.981
DSC05055 2708.049 3104.829 TOPO04 725876.6173 7586719.642 -2.9812 0.001 0.001  -138.81501639123   -21.80894196378  -2.981
DSC05056 2090.076 1036.391 TOPO04 725876.6173 7586719.642 -2.9812 0.001 0.001  -138.81501639123   -21.80894196378  -2.981
DSC05267 528.753 2058.335 TOPO04 725876.6173 7586719.642 -2.9812 0.001 0.001  -138.81501639123   -21.80894196378  -2.981
DSC05269 274.949 1290.735 TOPO04 725876.6173 7586719.642 -2.9812 0.001 0.001  -138.81501639123   -21.80894196378  -2.981
DSC04839 5613.413 3778.277 TOPO05 725561.7086 7586733.348 -2.9195 0.001 0.001  -138.81806280458   -21.80885849465  -2.920
DSC04840 5702.755 2878.826 TOPO05 725561.7086 7586733.348 -2.9195 0.001 0.001  -138.81806280458   -21.80885849465  -2.920
DSC04841 5264.173 1536.881 TOPO05 725561.7086 7586733.348 -2.9195 0.001 0.001  -138.81806280458   -21.80885849465  -2.920
DSC04842 5278.362 738.347 TOPO05 725561.7086 7586733.348 -2.9195 0.001 0.001  -138.81806280458   -21.80885849465  -2.920
DSC05049 2382.092 3844.289 TOPO05 725561.7086 7586733.348 -2.9195 0.001 0.001  -138.81806280458   -21.80885849465  -2.920
DSC05050 2784.596 3463.808 TOPO05 725561.7086 7586733.348 -2.9195 0.001 0.001  -138.81806280458   -21.80885849465  -2.920
DSC05051 2293.116 2300.004 TOPO05 725561.7086 7586733.348 -2.9195 0.001 0.001  -138.81806280458   -21.80885849465  -2.920
DSC05052 2551.186 376.132 TOPO05 725561.7086 7586733.348 -2.9195 0.001 0.001  -138.81806280458   -21.80885849465  -2.920
DSC05262 52.026 3881.117 TOPO05 725561.7086 7586733.348 -2.9195 0.001 0.001  -138.81806280458   -21.80885849465  -2.920
DSC04836 5925.709 3845.41 TOPO06 725316.6539 7586744.014 -2.9372 0.001 0.001  -138.82043345461   -21.80879349899  -2.937
DSC04837 5374.455 1558.171 TOPO06 725316.6539 7586744.014 -2.9372 0.001 0.001  -138.82043345461   -21.80879349899  -2.937
DSC04838 5378.174 785.76 TOPO06 725316.6539 7586744.014 -2.9372 0.001 0.001  -138.82043345461   -21.80879349899  -2.937
DSC05046 3015.285 3532.304 TOPO06 725316.6539 7586744.014 -2.9372 0.001 0.001  -138.82043345461   -21.80879349899  -2.937
DSC05047 2500.283 2597.847 TOPO06 725316.6539 7586744.014 -2.9372 0.001 0.001  -138.82043345461   -21.80879349899  -2.937
DSC05048 2576.793 992.816 TOPO06 725316.6539 7586744.014 -2.9372 0.001 0.001  -138.82043345461   -21.80879349899  -2.937
DSC04832 5501.411 3973.361 TOPO07 725086.9674 7586754.017 -2.9077 0.001 0.001  -138.82265543505   -21.80873249505  -2.908
DSC04833 5383.003 2365.125 TOPO07 725086.9674 7586754.017 -2.9077 0.001 0.001  -138.82265543505   -21.80873249505  -2.908
DSC04834 5567.958 1083.591 TOPO07 725086.9674 7586754.017 -2.9077 0.001 0.001  -138.82265543505   -21.80873249505  -2.908
DSC04835 4760.092 370.391 TOPO07 725086.9674 7586754.017 -2.9077 0.001 0.001  -138.82265543505   -21.80873249505  -2.908
DSC05043 2244.192 2097.88 TOPO07 725086.9674 7586754.017 -2.9077 0.001 0.001  -138.82265543505   -21.80873249505  -2.908
DSC05044 2930.525 1879.891 TOPO07 725086.9674 7586754.017 -2.9077 0.001 0.001  -138.82265543505   -21.80873249505  -2.908
DSC05045 2451.38 577.24 TOPO07 725086.9674 7586754.017 -2.9077 0.001 0.001  -138.82265543505   -21.80873249505  -2.908
DSC05255 431.693 2771.631 TOPO07 725086.9674 7586754.017 -2.9077 0.001 0.001  -138.82265543505   -21.80873249505  -2.908
DSC04825 5716.688 3487.936 TOPO08 724586.7382 7586775.802 -2.8962 0.001 0.001  -138.82749464083   -21.80859953465  -2.896
DSC04826 5483.203 1777.844 TOPO08 724586.7382 7586775.802 -2.8962 0.001 0.001  -138.82749464083   -21.80859953465  -2.896
DSC04827 5598.311 530.958 TOPO08 724586.7382 7586775.802 -2.8962 0.001 0.001  -138.82749464083   -21.80859953465  -2.896
DSC05035 3524.856 3585.59 TOPO08 724586.7382 7586775.802 -2.8962 0.001 0.001  -138.82749464083   -21.80859953465  -2.896
DSC05036 2172.6 1166.287 TOPO08 724586.7382 7586775.802 -2.8962 0.001 0.001  -138.82749464083   -21.80859953465  -2.896
DSC05037 2319.38 527.967 TOPO08 724586.7382 7586775.802 -2.8962 0.001 0.001  -138.82749464083   -21.80859953465  -2.896
DSC05038 2566.697 226.224 TOPO08 724586.7382 7586775.802 -2.8962 0.001 0.001  -138.82749464083   -21.80859953465  -2.896
DSC05249 66.353 837.728 TOPO08 724586.7382 7586775.802 -2.8962 0.001 0.001  -138.82749464083   -21.80859953465  -2.896
DSC04820 5734.01 2685.96 TOPO09 724253.5617 7586790.293 -2.8891 0.001 0.001  -138.83071778256   -21.80851106766  -2.889
DSC04821 4999.995 1372.571 TOPO09 724253.5617 7586790.293 -2.8891 0.001 0.001  -138.83071778256   -21.80851106766  -2.889
DSC05029 2204.089 3888.031 TOPO09 724253.5617 7586790.293 -2.8891 0.001 0.001  -138.83071778256   -21.80851106766  -2.889
DSC05030 1425.778 3329.473 TOPO09 724253.5617 7586790.293 -2.8891 0.001 0.001  -138.83071778256   -21.80851106766  -2.889
DSC05031 3285.378 2520.365 TOPO09 724253.5617 7586790.293 -2.8891 0.001 0.001  -138.83071778256   -21.80851106766  -2.889
DSC05032 4216.637 273.275 TOPO09 724253.5617 7586790.293 -2.8891 0.001 0.001  -138.83071778256   -21.80851106766  -2.889
DSC05243 819.349 2468.993 TOPO09 724253.5617 7586790.293 -2.8891 0.001 0.001  -138.83071778256   -21.80851106766  -2.889
DSC04808 4538.875 3731.68 TOPO10 723531.25 7586952.39 -2.8488 0.001 0.001  -138.83772313755   -21.80713922731  -2.849
DSC04809 4105.69 2934.385 TOPO10 723531.25 7586952.39 -2.8488 0.001 0.001  -138.83772313755   -21.80713922731  -2.849
DSC04810 4800.104 119.717 TOPO10 723531.25 7586952.39 -2.8488 0.001 0.001  -138.83772313755   -21.80713922731  -2.849
DSC05019 1418.522 3318.057 TOPO10 723531.25 7586952.39 -2.8488 0.001 0.001  -138.83772313755   -21.80713922731  -2.849
DSC05020 1458.063 1732.661 TOPO10 723531.25 7586952.39 -2.8488 0.001 0.001  -138.83772313755   -21.80713922731  -2.849
DSC04801 4911.37 3026.986 TOPO12 723134.3991 7587178.816 -2.7589 0.001 0.001  -138.84159055188   -21.80514518639  -2.759
DSC04802 4618.104 1344.132 TOPO12 723134.3991 7587178.816 -2.7589 0.001 0.001  -138.84159055188   -21.80514518639  -2.759
DSC04804 4591.629 340.996 TOPO12 723134.3991 7587178.816 -2.7589 0.001 0.001  -138.84159055188   -21.80514518639  -2.759
DSC05012 2042.346 2925.127 TOPO12 723134.3991 7587178.816 -2.7589 0.001 0.001  -138.84159055188   -21.80514518639  -2.759
DSC05013 2927.471 1446.774 TOPO12 723134.3991 7587178.816 -2.7589 0.001 0.001  -138.84159055188   -21.80514518639  -2.759
DSC05014 2635.695 296.323 TOPO12 723134.3991 7587178.816 -2.7589 0.001 0.001  -138.84159055188   -21.80514518639  -2.759
DSC05223 1595.262 3314.914 TOPO12 723134.3991 7587178.816 -2.7589 0.001 0.001  -138.84159055188   -21.80514518639  -2.759
DSC04795 4450.639 4021.55 TOPO13 722820.5854 7587282.506 -3.0682 0.001 0.001  -138.84463849095   -21.80424867255  -3.068
DSC04797 4470.169 1862.417 TOPO13 722820.5854 7587282.506 -3.0682 0.001 0.001  -138.84463849095   -21.80424867255  -3.068
DSC05006 2092.483 3360.707 TOPO13 722820.5854 7587282.506 -3.0682 0.001 0.001  -138.84463849095   -21.80424867255  -3.068
DSC05007 902.509 3793.808 TOPO13 722820.5854 7587282.506 -3.0682 0.001 0.001  -138.84463849095   -21.80424867255  -3.068
DSC05008 3338.667 2063.622 TOPO13 722820.5854 7587282.506 -3.0682 0.001 0.001  -138.84463849095   -21.80424867255  -3.068
DSC05220 673.87 1813.351 TOPO13 722820.5854 7587282.506 -3.0682 0.001 0.001  -138.84463849095   -21.80424867255  -3.068
DSC04786 5278.137 3857.499 TOPO14 722392.7571 7587654.373 -2.9993 0.001 0.001  -138.84882484105   -21.80094525918  -2.999
DSC04787 5527.635 3044.873 TOPO14 722392.7571 7587654.373 -2.9993 0.001 0.001  -138.84882484105   -21.80094525918  -2.999
DSC04790 5315.267 982.618 TOPO14 722392.7571 7587654.373 -2.9993 0.001 0.001  -138.84882484105   -21.80094525918  -2.999
DSC04998 1538.372 1906.715 TOPO14 722392.7571 7587654.373 -2.9993 0.001 0.001  -138.84882484105   -21.80094525918  -2.999
DSC04999 3139.372 1111.82 TOPO14 722392.7571 7587654.373 -2.9993 0.001 0.001  -138.84882484105   -21.80094525918  -2.999
DSC05000 4483.596 1541.799 TOPO14 722392.7571 7587654.373 -2.9993 0.001 0.001  -138.84882484105   -21.80094525918  -2.999
DSC04783 4291.385 3055.868 TOPO15 722216.0809 7587801.708 -4.3661 0.001 0.001  -138.85055274347   -21.79963730342  -4.366
DSC04784 5328.759 2739.552 TOPO15 722216.0809 7587801.708 -4.3661 0.001 0.001  -138.85055274347   -21.79963730342  -4.366
DSC04785 5214.075 1259.779 TOPO15 722216.0809 7587801.708 -4.3661 0.001 0.001  -138.85055274347   -21.79963730342  -4.366
DSC04994 1573.432 3389.507 TOPO15 722216.0809 7587801.708 -4.3661 0.001 0.001  -138.85055274347   -21.79963730342  -4.366
DSC04995 2284.603 1575.62 TOPO15 722216.0809 7587801.708 -4.3661 0.001 0.001  -138.85055274347   -21.79963730342  -4.366
DSC04996 2125.033 1659.498 TOPO15 722216.0809 7587801.708 -4.3661 0.001 0.001  -138.85055274347   -21.79963730342  -4.366
DSC04997 3051.302 67.804 TOPO15 722216.0809 7587801.708 -4.3661 0.001 0.001  -138.85055274347   -21.79963730342  -4.366
DSC04777 3287.237 1753.73 TOPO16 721899.926 7588079.305 -4.3201 0.001 0.001  -138.85364655430   -21.79717079827  -4.320
DSC04778 4723.915 1328.581 TOPO16 721899.926 7588079.305 -4.3201 0.001 0.001  -138.85364655430   -21.79717079827  -4.320
DSC04779 4714.021 1114.628 TOPO16 721899.926 7588079.305 -4.3201 0.001 0.001  -138.85364655430   -21.79717079827  -4.320
DSC04988 960.07 2037.995 TOPO16 721899.926 7588079.305 -4.3201 0.001 0.001  -138.85364655430   -21.79717079827  -4.320
DSC04989 1239.488 852.572 TOPO16 721899.926 7588079.305 -4.3201 0.001 0.001  -138.85364655430   -21.79717079827  -4.320
DSC04990 2257.633 956.205 TOPO16 721899.926 7588079.305 -4.3201 0.001 0.001  -138.85364655430   -21.79717079827  -4.320
DSC04771 4222.211 2464.236 TOPO17 721703.4495 7588328.458 -4.3868 0.001 0.001  -138.85557947091   -21.79494601273  -4.387
DSC04772 4949.535 2820.341 TOPO17 721703.4495 7588328.458 -4.3868 0.001 0.001  -138.85557947091   -21.79494601273  -4.387
DSC04773 5119.325 1752.561 TOPO17 721703.4495 7588328.458 -4.3868 0.001 0.001  -138.85557947091   -21.79494601273  -4.387
DSC04982 1667.191 3519.899 TOPO17 721703.4495 7588328.458 -4.3868 0.001 0.001  -138.85557947091   -21.79494601273  -4.387
DSC04983 1719.351 2270.921 TOPO17 721703.4495 7588328.458 -4.3868 0.001 0.001  -138.85557947091   -21.79494601273  -4.387
DSC04984 1989.696 2555.385 TOPO17 721703.4495 7588328.458 -4.3868 0.001 0.001  -138.85557947091   -21.79494601273  -4.387
DSC04985 2379.597 242.681 TOPO17 721703.4495 7588328.458 -4.3868 0.001 0.001  -138.85557947091   -21.79494601273  -4.387
DSC04769 4839.446 3808.058 TOPO18 721611.4165 7588464.569 -4.0086 0.001 0.001  -138.85648746827   -21.79372869238  -4.009
DSC04770 5325.32 1872.599 TOPO18 721611.4165 7588464.569 -4.0086 0.001 0.001  -138.85648746827   -21.79372869238  -4.009
DSC04980 2447.651 2911.89 TOPO18 721611.4165 7588464.569 -4.0086 0.001 0.001  -138.85648746827   -21.79372869238  -4.009
DSC04981 2313.653 2862.247 TOPO18 721611.4165 7588464.569 -4.0086 0.001 0.001  -138.85648746827   -21.79372869238  -4.009
DSC04982 2709.201 535.189 TOPO18 721611.4165 7588464.569 -4.0086 0.001 0.001  -138.85648746827   -21.79372869238  -4.009
DSC04764 5046.419 1689.946 TOPO19 721377.3151 7588685.23 -3.5057 0.001 0.001  -138.85878019349   -21.79176581946  -3.506
DSC04765 4778.454 2249.066 TOPO19 721377.3151 7588685.23 -3.5057 0.001 0.001  -138.85878019349   -21.79176581946  -3.506
DSC04766 5225.382 1542.538 TOPO19 721377.3151 7588685.23 -3.5057 0.001 0.001  -138.85878019349   -21.79176581946  -3.506
DSC04974 1169.37 2857.544 TOPO19 721377.3151 7588685.23 -3.5057 0.001 0.001  -138.85878019349   -21.79176581946  -3.506
DSC04975 2573.219 3243.406 TOPO19 721377.3151 7588685.23 -3.5057 0.001 0.001  -138.85878019349   -21.79176581946  -3.506
DSC04976 1384.237 3355.495 TOPO19 721377.3151 7588685.23 -3.5057 0.001 0.001  -138.85878019349   -21.79176581946  -3.506
DSC04977 2382.783 112.204 TOPO19 721377.3151 7588685.23 -3.5057 0.001 0.001  -138.85878019349   -21.79176581946  -3.506
DSC04978 2381.953 402.824 TOPO19 721377.3151 7588685.23 -3.5057 0.001 0.001  -138.85878019349   -21.79176581946  -3.506
DSC04761 4110.359 1904.064 TOPO20 721229.4109 7588811.225 -3.5285 0.001 0.001  -138.86022689582   -21.79064680651  -3.529
DSC04762 5252.747 1897.672 TOPO20 721229.4109 7588811.225 -3.5285 0.001 0.001  -138.86022689582   -21.79064680651  -3.529
DSC04763 4848.954 1923.917 TOPO20 721229.4109 7588811.225 -3.5285 0.001 0.001  -138.86022689582   -21.79064680651  -3.529
DSC04971 1430.719 3366.511 TOPO20 721229.4109 7588811.225 -3.5285 0.001 0.001  -138.86022689582   -21.79064680651  -3.529
DSC04972 2312.732 3288.104 TOPO20 721229.4109 7588811.225 -3.5285 0.001 0.001  -138.86022689582   -21.79064680651  -3.529
DSC04973 1498.756 2947.652 TOPO20 721229.4109 7588811.225 -3.5285 0.001 0.001  -138.86022689582   -21.79064680651  -3.529
DSC04755 3739.081 1406.647 TOPO21 720896.9911 7589049.902 -2.9632 0.001 0.001  -138.86347237153   -21.78853351056  -2.963
DSC04756 3648.274 1031.102 TOPO21 720896.9911 7589049.902 -2.9632 0.001 0.001  -138.86347237153   -21.78853351056  -2.963
DSC04757 5069.026 830.409 TOPO21 720896.9911 7589049.902 -2.9632 0.001 0.001  -138.86347237153   -21.78853351056  -2.963
DSC04966 1177.105 714.813 TOPO21 720896.9911 7589049.902 -2.9632 0.001 0.001  -138.86347237153   -21.78853351056  -2.963
DSC04967 84.669 2861.965 TOPO21 720896.9911 7589049.902 -2.9632 0.001 0.001  -138.86347237153   -21.78853351056  -2.963
DSC05181 316.719 812.028 TOPO21 720896.9911 7589049.902 -2.9632 0.001 0.001  -138.86347237153   -21.78853351056  -2.963
DSC04751 5178.999 3853.916 TOPO22 720729.9264 7589207.037 -2.7365 0.001 0.001  -138.86510839348   -21.78713569670  -2.736
DSC04752 2649.426 682.631 TOPO22 720729.9264 7589207.037 -2.7365 0.001 0.001  -138.86510839348   -21.78713569670  -2.736
DSC04753 4156.526 822.439 TOPO22 720729.9264 7589207.037 -2.7365 0.001 0.001  -138.86510839348   -21.78713569670  -2.736
DSC04754 4728.846 87.735 TOPO22 720729.9264 7589207.037 -2.7365 0.001 0.001  -138.86510839348   -21.78713569670  -2.736
DSC04963 495.172 695.57 TOPO22 720729.9264 7589207.037 -2.7365 0.001 0.001  -138.86510839348   -21.78713569670  -2.736
DSC05178 597.745 105.144 TOPO22 720729.9264 7589207.037 -2.7365 0.001 0.001  -138.86510839348   -21.78713569670  -2.736
DSC04791 5342.011 2269.935 TOPO25 722604.7475 7587464.593 -4.0954 0.001 0.001  -138.84674976873   -21.80263195145  -4.095
DSC04793 5162.609 1446.627 TOPO25 722604.7475 7587464.593 -4.0954 0.001 0.001  -138.84674976873   -21.80263195145  -4.095
DSC05002 2747.67 3527.231 TOPO25 722604.7475 7587464.593 -4.0954 0.001 0.001  -138.84674976873   -21.80263195145  -4.095
DSC05003 2987.904 3037.655 TOPO25 722604.7475 7587464.593 -4.0954 0.001 0.001  -138.84674976873   -21.80263195145  -4.095
DSC05004 2864.291 1009.633 TOPO25 722604.7475 7587464.593 -4.0954 0.001 0.001  -138.84674976873   -21.80263195145  -4.095
DSC05217 1623.63 571.935 TOPO25 722604.7475 7587464.593 -4.0954 0.001 0.001  -138.84674976873   -21.80263195145  -4.095
