#IMAGE   COL  LIG  NOM_DU_REPERE X_UTM7S(m)  Y_UTM7S(m)  Z_UTM7S(m)  INCERTITUDE_PLANI(m) INCERTITUDE_ALTI(m) LONG_WGS84  LAT_WGS84 H_WGS_84
DSC04856 3928.127 2771.344 PT001 726583.6273 7586612.837 -5.991788889 0.01 0.05  -138.80816636066   -21.80981559527  -5.992
DSC04857 3676.057 1466.938 PT001 726583.6273 7586612.837 -5.991788889 0.01 0.05  -138.80816636066   -21.80981559527  -5.992
DSC04858 3571.499 467.01 PT001 726583.6273 7586612.837 -5.991788889 0.01 0.05  -138.80816636066   -21.80981559527  -5.992
DSC05066 1036.727 2923.279 PT001 726583.6273 7586612.837 -5.991788889 0.01 0.05  -138.80816636066   -21.80981559527  -5.992
DSC05067 1501.796 2548.798 PT001 726583.6273 7586612.837 -5.991788889 0.01 0.05  -138.80816636066   -21.80981559527  -5.992
DSC05068 679.563 488.656 PT001 726583.6273 7586612.837 -5.991788889 0.01 0.05  -138.80816636066   -21.80981559527  -5.992
DSC04855 3178.688 3626.184 PT002 726567.2553 7586548.901 -6.628788889 0.01 0.05  -138.80831585606   -21.81039491976  -6.629
DSC04856 2666.432 2598.971 PT002 726567.2553 7586548.901 -6.628788889 0.01 0.05  -138.80831585606   -21.81039491976  -6.629
DSC04857 2413.031 1292.375 PT002 726567.2553 7586548.901 -6.628788889 0.01 0.05  -138.80831585606   -21.81039491976  -6.629
DSC04858 2319.372 288.074 PT002 726567.2553 7586548.901 -6.628788889 0.01 0.05  -138.80831585606   -21.81039491976  -6.629
DSC05067 247.942 2337.574 PT002 726567.2553 7586548.901 -6.628788889 0.01 0.05  -138.80831585606   -21.81039491976  -6.629
DSC04855 3878.787 2917.301 PT003 726536.0903 7586589.998 -6.088788889 0.01 0.05  -138.80862280949   -21.81002789090  -6.089
DSC04856 3387.907 1912.267 PT003 726536.0903 7586589.998 -6.088788889 0.01 0.05  -138.80862280949   -21.81002789090  -6.089
DSC04857 3134.867 609.492 PT003 726536.0903 7586589.998 -6.088788889 0.01 0.05  -138.80862280949   -21.81002789090  -6.089
DSC05065 453.863 3357.421 PT003 726536.0903 7586589.998 -6.088788889 0.01 0.05  -138.80862280949   -21.81002789090  -6.089
DSC05066 479.614 2062.238 PT003 726536.0903 7586589.998 -6.088788889 0.01 0.05  -138.80862280949   -21.81002789090  -6.089
DSC05067 996.47 1676.943 PT003 726536.0903 7586589.998 -6.088788889 0.01 0.05  -138.80862280949   -21.81002789090  -6.089
DSC04852 3828.711 3157.574 PT004 726402.3783 7586620.713 -5.966788889 0.01 0.05  -138.80991975984   -21.80976774858  -5.967
DSC04853 3770.456 3159.34 PT004 726402.3783 7586620.713 -5.966788889 0.01 0.05  -138.80991975984   -21.80976774858  -5.967
DSC04854 4132.098 2170.534 PT004 726402.3783 7586620.713 -5.966788889 0.01 0.05  -138.80991975984   -21.80976774858  -5.967
DSC04855 4100.356 265.336 PT004 726402.3783 7586620.713 -5.966788889 0.01 0.05  -138.80991975984   -21.80976774858  -5.967
DSC05063 1022.195 2915.88 PT004 726402.3783 7586620.713 -5.966788889 0.01 0.05  -138.80991975984   -21.80976774858  -5.967
DSC05064 1467.087 1986.129 PT004 726402.3783 7586620.713 -5.966788889 0.01 0.05  -138.80991975984   -21.80976774858  -5.967
DSC05065 800.987 720.132 PT004 726402.3783 7586620.713 -5.966788889 0.01 0.05  -138.80991975984   -21.80976774858  -5.967
DSC04852 5203.316 2715.252 PT005 726389.4563 7586695.811 -5.496788889 0.01 0.05  -138.81005500502   -21.80909141045  -5.497
DSC04853 5139.777 2666.578 PT005 726389.4563 7586695.811 -5.496788889 0.01 0.05  -138.81005500502   -21.80909141045  -5.497
DSC04854 5538.088 1768.925 PT005 726389.4563 7586695.811 -5.496788889 0.01 0.05  -138.81005500502   -21.80909141045  -5.497
DSC05063 2429.118 2464.736 PT005 726389.4563 7586695.811 -5.496788889 0.01 0.05  -138.81005500502   -21.80909141045  -5.497
DSC05064 2871.043 1562.949 PT005 726389.4563 7586695.811 -5.496788889 0.01 0.05  -138.81005500502   -21.80909141045  -5.497
DSC05065 2231.646 346.786 PT005 726389.4563 7586695.811 -5.496788889 0.01 0.05  -138.81005500502   -21.80909141045  -5.497
DSC04851 4026.093 3455.013 PT006 726296.1173 7586600.154 -6.063788889 0.01 0.05  -138.81094427012   -21.80996698569  -6.064
DSC04852 3176.61 1200.037 PT006 726296.1173 7586600.154 -6.063788889 0.01 0.05  -138.81094427012   -21.80996698569  -6.064
DSC04853 3033.781 1205.799 PT006 726296.1173 7586600.154 -6.063788889 0.01 0.05  -138.81094427012   -21.80996698569  -6.064
DSC04854 3510.921 193.755 PT006 726296.1173 7586600.154 -6.063788889 0.01 0.05  -138.81094427012   -21.80996698569  -6.064
DSC05061 473.192 3542.354 PT006 726296.1173 7586600.154 -6.063788889 0.01 0.05  -138.81094427012   -21.80996698569  -6.064
DSC05062 914.46 2799.714 PT006 726296.1173 7586600.154 -6.063788889 0.01 0.05  -138.81094427012   -21.80996698569  -6.064
DSC05063 319.43 919.093 PT006 726296.1173 7586600.154 -6.063788889 0.01 0.05  -138.81094427012   -21.80996698569  -6.064
DSC05064 806.327 3.774 PT006 726296.1173 7586600.154 -6.063788889 0.01 0.05  -138.81094427012   -21.80996698569  -6.064
DSC04848 3652.124 3731.337 PT007 726176.2043 7586605.436 -6.058788889 0.01 0.05  -138.81210431826   -21.80993466961  -6.059
DSC04849 3781.037 3565.82 PT007 726176.2043 7586605.436 -6.058788889 0.01 0.05  -138.81210431826   -21.80993466961  -6.059
DSC04850 3083.044 2802.037 PT007 726176.2043 7586605.436 -6.058788889 0.01 0.05  -138.81210431826   -21.80993466961  -6.059
DSC04851 3781.912 1152.749 PT007 726176.2043 7586605.436 -6.058788889 0.01 0.05  -138.81210431826   -21.80993466961  -6.059
DSC05059 1337.18 3674.006 PT007 726176.2043 7586605.436 -6.058788889 0.01 0.05  -138.81210431826   -21.80993466961  -6.059
DSC05060 328.854 2244.324 PT007 726176.2043 7586605.436 -6.058788889 0.01 0.05  -138.81210431826   -21.80993466961  -6.059
DSC05061 292.343 1201.809 PT007 726176.2043 7586605.436 -6.058788889 0.01 0.05  -138.81210431826   -21.80993466961  -6.059
DSC05062 731.146 494.484 PT007 726176.2043 7586605.436 -6.058788889 0.01 0.05  -138.81210431826   -21.80993466961  -6.059
DSC04847 4891.018 3128.787 PT008 726047.6503 7586710.72 -5.533788889 0.01 0.05  -138.81336162332   -21.80900061747  -5.534
DSC04848 5405.892 1066.012 PT008 726047.6503 7586710.72 -5.533788889 0.01 0.05  -138.81336162332   -21.80900061747  -5.534
DSC04849 5576.287 890.731 PT008 726047.6503 7586710.72 -5.533788889 0.01 0.05  -138.81336162332   -21.80900061747  -5.534
DSC04850 4722.943 107.257 PT008 726047.6503 7586710.72 -5.533788889 0.01 0.05  -138.81336162332   -21.80900061747  -5.534
DSC05057 3036.353 3114.069 PT008 726047.6503 7586710.72 -5.533788889 0.01 0.05  -138.81336162332   -21.80900061747  -5.534
DSC05058 2026.335 2672.114 PT008 726047.6503 7586710.72 -5.533788889 0.01 0.05  -138.81336162332   -21.80900061747  -5.534
DSC05059 3060.199 988.937 PT008 726047.6503 7586710.72 -5.533788889 0.01 0.05  -138.81336162332   -21.80900061747  -5.534
DSC05272 41.675 1012.963 PT008 726047.6503 7586710.72 -5.533788889 0.01 0.05  -138.81336162332   -21.80900061747  -5.534
DSC04846 4216.026 3969.916 PT009 725979.6273 7586639.311 -5.980788889 0.01 0.05  -138.81400947810   -21.80965402032  -5.981
DSC04847 3438.148 1961.054 PT009 725979.6273 7586639.311 -5.980788889 0.01 0.05  -138.81400947810   -21.80965402032  -5.981
DSC05056 820.124 3221.907 PT009 725979.6273 7586639.311 -5.980788889 0.01 0.05  -138.81400947810   -21.80965402032  -5.981
DSC05057 1556.864 1921.637 PT009 725979.6273 7586639.311 -5.980788889 0.01 0.05  -138.81400947810   -21.80965402032  -5.981
DSC05058 485.739 1512.152 PT009 725979.6273 7586639.311 -5.980788889 0.01 0.05  -138.81400947810   -21.80965402032  -5.981
DSC04846 3685.694 3172.631 PT010 725936.3533 7586616.037 -6.076788889 0.01 0.05  -138.81442466208   -21.80986968200  -6.077
DSC04847 2920.194 1168.931 PT010 725936.3533 7586616.037 -6.076788889 0.01 0.05  -138.81442466208   -21.80986968200  -6.077
DSC05056 237.805 2457.837 PT010 725936.3533 7586616.037 -6.076788889 0.01 0.05  -138.81442466208   -21.80986968200  -6.077
DSC05057 1032.59 1121.836 PT010 725936.3533 7586616.037 -6.076788889 0.01 0.05  -138.81442466208   -21.80986968200  -6.077
DSC04844 3548.674 2704.933 PT011 725816.4533 7586621.35 -6.074788889 0.01 0.05  -138.81558458955   -21.80983705978  -6.075
DSC04845 3424.718 2309.039 PT011 725816.4533 7586621.35 -6.074788889 0.01 0.05  -138.81558458955   -21.80983705978  -6.075
DSC04846 3571.161 858.113 PT011 725816.4533 7586621.35 -6.074788889 0.01 0.05  -138.81558458955   -21.80983705978  -6.075
DSC05054 610.422 3173.462 PT011 725816.4533 7586621.35 -6.074788889 0.01 0.05  -138.81558458955   -21.80983705978  -6.075
DSC05055 698.398 2121.467 PT011 725816.4533 7586621.35 -6.074788889 0.01 0.05  -138.81558458955   -21.80983705978  -6.075
DSC04843 4247.37 2851.319 PT012 725757.5543 7586659.31 -6.077788889 0.01 0.05  -138.81615922791   -21.80950188474  -6.078
DSC04844 4165.077 1505.776 PT012 725757.5543 7586659.31 -6.077788889 0.01 0.05  -138.81615922791   -21.80950188474  -6.078
DSC04845 3991.758 1099.064 PT012 725757.5543 7586659.31 -6.077788889 0.01 0.05  -138.81615922791   -21.80950188474  -6.078
DSC05053 1067.906 3155.541 PT012 725757.5543 7586659.31 -6.077788889 0.01 0.05  -138.81615922791   -21.80950188474  -6.078
DSC05054 1203.828 1937.911 PT012 725757.5543 7586659.31 -6.077788889 0.01 0.05  -138.81615922791   -21.80950188474  -6.078
DSC05055 1327.948 917.571 PT012 725757.5543 7586659.31 -6.077788889 0.01 0.05  -138.81615922791   -21.80950188474  -6.078
DSC04842 5393.894 3560.281 PT013 725708.3423 7586725.72 -5.454788889 0.01 0.05  -138.81664410557   -21.80890861686  -5.455
DSC04843 5383.557 1745.802 PT013 725708.3423 7586725.72 -5.454788889 0.01 0.05  -138.81664410557   -21.80890861686  -5.455
DSC04844 5351.115 433.192 PT013 725708.3423 7586725.72 -5.454788889 0.01 0.05  -138.81664410557   -21.80890861686  -5.455
DSC04845 5119.968 4.619 PT013 725708.3423 7586725.72 -5.454788889 0.01 0.05  -138.81664410557   -21.80890861686  -5.455
DSC05052 2732.302 3218.152 PT013 725708.3423 7586725.72 -5.454788889 0.01 0.05  -138.81664410557   -21.80890861686  -5.455
DSC05053 2252.556 2057.744 PT013 725708.3423 7586725.72 -5.454788889 0.01 0.05  -138.81664410557   -21.80890861686  -5.455
DSC05054 2365.525 823.38 PT013 725708.3423 7586725.72 -5.454788889 0.01 0.05  -138.81664410557   -21.80890861686  -5.455
DSC05265 40.401 3089.955 PT013 725708.3423 7586725.72 -5.454788889 0.01 0.05  -138.81664410557   -21.80890861686  -5.455
DSC04840 2639.172 3475.324 PT014 725571.5413 7586572.558 -6.464788889 0.01 0.05  -138.81794573617   -21.81030888119  -6.465
DSC04841 2219.62 2154.061 PT014 725571.5413 7586572.558 -6.464788889 0.01 0.05  -138.81794573617   -21.81030888119  -6.465
DSC04842 2214.167 1214.418 PT014 725571.5413 7586572.558 -6.464788889 0.01 0.05  -138.81794573617   -21.81030888119  -6.465
DSC04838 2773.834 3859.208 PT015 725461.0753 7586594.108 -4.520788889 0.01 0.05  -138.81901668104   -21.81012843846  -4.521
DSC04839 2651.953 2319.754 PT015 725461.0753 7586594.108 -4.520788889 0.01 0.05  -138.81901668104   -21.81012843846  -4.521
DSC04840 2773.148 1295.02 PT015 725461.0753 7586594.108 -4.520788889 0.01 0.05  -138.81901668104   -21.81012843846  -4.521
DSC05049 3522.53 2357.143 PT016 725492.3713 7586802.239 -5.174788889 0.01 0.05  -138.81874258267   -21.80824539245  -5.175
DSC05050 4001.978 2009.004 PT016 725492.3713 7586802.239 -5.174788889 0.01 0.05  -138.81874258267   -21.80824539245  -5.175
DSC05051 3474.392 837.77 PT016 725492.3713 7586802.239 -5.174788889 0.01 0.05  -138.81874258267   -21.80824539245  -5.175
DSC05260 850.561 3595.423 PT016 725492.3713 7586802.239 -5.174788889 0.01 0.05  -138.81874258267   -21.80824539245  -5.175
DSC05261 775.872 3812.081 PT016 725492.3713 7586802.239 -5.174788889 0.01 0.05  -138.81874258267   -21.80824539245  -5.175
DSC05262 1303.128 2386.07 PT016 725492.3713 7586802.239 -5.174788889 0.01 0.05  -138.81874258267   -21.80824539245  -5.175
