N45E000_15_014      0.5893620000    45.1837838900       176.540   0.0   0.0   0.0      0.10     0.10     0.50 1
N45E000_15_023      0.5923094800    45.1723115600       122.140   0.0   0.0   0.0      0.10     0.10     0.50 1
N45E000_15_057      0.5886256800    45.1885076300       192.930   0.0   0.0   0.0      0.10     0.10     0.50 1
N45E000_15_067      0.5845959900    45.1694212800       131.340   0.0   0.0   0.0      0.10     0.10     0.50 1
N45E000_15_073      0.5964078700    45.1823453300       134.140   0.0   0.0   0.0      0.10     0.10     0.50 1
N45E000_15_077      0.5949776400    45.1679595800       123.510   0.0   0.0   0.0      0.10     0.10     0.50 1
N45E000_15_078      0.5910954900    45.1731383100       128.250   0.0   0.0   0.0      0.10     0.10     0.50 1
N45E000_16_003      0.6576966200    45.1918087400       135.930   0.0   0.0   0.0      0.10     0.10     0.50 1
N45E000_16_006      0.6440549700    45.1963634400       146.880   0.0   0.0   0.0      0.10     0.10     0.50 1
N45E000_16_007      0.6082402500    45.1808868000       123.280   0.0   0.0   0.0      0.10     0.10     0.50 1
N45E000_16_009      0.6563440300    45.1933946300       135.310   0.0   0.0   0.0      0.10     0.10     0.50 1
N45E000_16_010      0.6860921300    45.1959836800       134.510   0.0   0.0   0.0      0.10     0.10     0.50 1
N45E000_16_011      0.6872125700    45.1928968600       147.240   0.0   0.0   0.0      0.10     0.10     0.50 1
N45E000_16_012      0.6152717400    45.1684928500       146.430   0.0   0.0   0.0      0.10     0.10     0.50 1
N45E000_16_016      0.6551287300    45.1662431600       225.700   0.0   0.0   0.0      0.10     0.10     0.50 1
N45E000_16_018      0.6535868900    45.1676515300       223.220   0.0   0.0   0.0      0.10     0.10     0.50 1
N45E000_16_038      0.6194726600    45.1728358700       137.270   0.0   0.0   0.0      0.10     0.10     0.50 1
N45E000_16_039      0.6100147500    45.1836414900       125.530   0.0   0.0   0.0      0.10     0.10     0.50 1
N45E000_16_040      0.6124475500    45.1930479300       161.740   0.0   0.0   0.0      0.10     0.10     0.50 1
N45E000_16_042      0.6296494700    45.1912334800       130.600   0.0   0.0   0.0      0.10     0.10     0.50 1
N45E000_16_043      0.6547733300    45.1917540500       131.210   0.0   0.0   0.0      0.10     0.10     0.50 1
N45E000_16_045      0.6476640200    45.1866897900       125.990   0.0   0.0   0.0      0.10     0.10     0.50 1
N45E000_16_046      0.6693591400    45.1972272100       139.690   0.0   0.0   0.0      0.10     0.10     0.50 1
N45E000_16_047      0.6677573900    45.1960086900       135.040   0.0   0.0   0.0      0.10     0.10     0.50 1
N45E000_16_049      0.6008625200    45.1633610800       140.100   0.0   0.0   0.0      0.10     0.10     0.50 1
N45E000_16_051      0.6034298600    45.1623274200       136.050   0.0   0.0   0.0      0.10     0.10     0.50 1
N45E000_16_056      0.6073928700    45.1818614500       124.730   0.0   0.0   0.0      0.10     0.10     0.50 1
N45E000_16_059      0.6293654200    45.1911039200       129.200   0.0   0.0   0.0      0.10     0.10     0.50 1
N45E000_16_060      0.6612821800    45.1828250800       158.460   0.0   0.0   0.0      0.10     0.10     0.50 1
N45E000_16_062      0.6562167300    45.1775184300       207.510   0.0   0.0   0.0      0.10     0.10     0.50 1
N45E000_16_067      0.6764280200    45.1672506600       230.200   0.0   0.0   0.0      0.10     0.10     0.50 1
N45E000_16_068      0.6597815500    45.1733986900       223.970   0.0   0.0   0.0      0.10     0.10     0.50 1
N45E000_16_069      0.6773352800    45.1676751600       231.420   0.0   0.0   0.0      0.10     0.10     0.50 1
N45E000_16_070      0.6526869500    45.1748871000       212.990   0.0   0.0   0.0      0.10     0.10     0.50 1
N45E000_17_001      0.7399495300    45.1965710500       226.920   0.0   0.0   0.0      0.10     0.10     0.50 1
N45E000_17_003      0.7038113800    45.1885801000       134.020   0.0   0.0   0.0      0.10     0.10     0.50 1
N45E000_17_004      0.7083755400    45.1894652800       139.110   0.0   0.0   0.0      0.10     0.10     0.50 1
N45E000_17_005      0.7095773500    45.1914351000       144.530   0.0   0.0   0.0      0.10     0.10     0.50 1
N45E000_17_008      0.7160534800    45.1921078300       170.800   0.0   0.0   0.0      0.10     0.10     0.50 1
N45E000_17_009      0.7184739100    45.1704265500       162.030   0.0   0.0   0.0      0.10     0.10     0.50 1
N45E000_17_026      0.7063531900    45.1911255800       138.000   0.0   0.0   0.0      0.10     0.10     0.50 1
N45E000_17_027      0.7061571300    45.1913936200       138.830   0.0   0.0   0.0      0.10     0.10     0.50 1
N45E000_17_028      0.7310714300    45.1918005500       201.530   0.0   0.0   0.0      0.10     0.10     0.50 1
N45E000_17_029      0.7067584800    45.1838220200       141.710   0.0   0.0   0.0      0.10     0.10     0.50 1
N45E000_17_030      0.7069518300    45.1838605200       143.970   0.0   0.0   0.0      0.10     0.10     0.50 1
N45E000_17_035      0.7441269000    45.1886548600       139.070   0.0   0.0   0.0      0.10     0.10     0.50 1
N45E000_17_038      0.7267818800    45.1684568800       216.640   0.0   0.0   0.0      0.10     0.10     0.50 1
N45E000_17_042      0.7380279200    45.1738942700       223.540   0.0   0.0   0.0      0.10     0.10     0.50 1
N45E000_17_043      0.7504738900    45.1768186200       196.670   0.0   0.0   0.0      0.10     0.10     0.50 1
N45E000_17_044      0.7399763100    45.1790108000       156.370   0.0   0.0   0.0      0.10     0.10     0.50 1
N45E000_17_047      0.7118193500    45.1934017700       153.650   0.0   0.0   0.0      0.10     0.10     0.50 1
N45E000_17_049      0.7164367100    45.1829529800       149.710   0.0   0.0   0.0      0.10     0.10     0.50 1
N45E000_17_050      0.7161039100    45.1857940800        79.190   0.0   0.0   0.0      0.10     0.10     0.50 1
N45E000_17_051      0.7006091700    45.1948005500       131.790   0.0   0.0   0.0      0.10     0.10     0.50 1
N45E000_17_053      0.7313050000    45.1797878800        76.770   0.0   0.0   0.0      0.10     0.10     0.50 1
N45E000_17_054      0.7193868400    45.1837883100       161.570   0.0   0.0   0.0      0.10     0.10     0.50 1
N45E000_17_059      0.7399471900    45.1635919100       167.860   0.0   0.0   0.0      0.10     0.10     0.50 1
N45E000_17_061      0.7338227200    45.1628320400       221.840   0.0   0.0   0.0      0.10     0.10     0.50 1
N45E000_17_064      0.7623240000    45.1651281900       247.780   0.0   0.0   0.0      0.10     0.10     0.50 1
N45E000_25_076      0.5887173600    45.2030013000       224.750   0.0   0.0   0.0      0.10     0.10     0.50 1
N45E000_26_019      0.6543737600    45.2036131500       214.200   0.0   0.0   0.0      0.10     0.10     0.50 1
N45E000_26_020      0.6334012900    45.2087069400       154.890   0.0   0.0   0.0      0.10     0.10     0.50 1
N45E000_26_022      0.6205737000    45.2145794000       225.360   0.0   0.0   0.0      0.10     0.10     0.50 1
N45E000_26_082      0.6116498900    45.2081226300       208.790   0.0   0.0   0.0      0.10     0.10     0.50 1
N45E000_26_085      0.6130785200    45.2082361800       216.750   0.0   0.0   0.0      0.10     0.10     0.50 1
N45E000_26_089      0.6484604100    45.2039339800       219.550   0.0   0.0   0.0      0.10     0.10     0.50 1
N45E000_26_091      0.6950291200    45.2064780300       197.970   0.0   0.0   0.0      0.10     0.10     0.50 1
N45E000_27_036      0.7365350300    45.2152753000       239.990   0.0   0.0   0.0      0.10     0.10     0.50 1
N45E000_27_073      0.7104217300    45.2048460600       225.330   0.0   0.0   0.0      0.10     0.10     0.50 1
N45E000_27_075      0.7129597800    45.2129154200       224.270   0.0   0.0   0.0      0.10     0.10     0.50 1
N45E000_27_078      0.7473159800    45.2093577200       251.740   0.0   0.0   0.0      0.10     0.10     0.50 1
N45E000_27_079      0.7292882300    45.2159591300       232.830   0.0   0.0   0.0      0.10     0.10     0.50 1
N45E000_27_080      0.7289919700    45.2160620300       241.680   0.0   0.0   0.0      0.10     0.10     0.50 1
N45E000_27_081      0.7651635100    45.2078336700       219.010   0.0   0.0   0.0      0.10     0.10     0.50 1
