      1     3     11286.95   1721.43     0.12   0.12 1
      2     3     15490.02   2503.18     0.13   0.13 1
      3     3      9559.45   1530.08     0.12   0.12 1
      4     3     16518.24    527.92     0.15   0.15 1
      5     3     11824.36   3539.51     0.13   0.16 1
      6     3     17088.49   3171.60     0.12   0.15 1
      7     3     15179.40   2185.47     0.13   0.10 1
     10     3     12400.68   6552.60     0.15   0.12 1
     11     3      7979.36  18802.47     0.12   0.12 1
     12     3      7124.00  26388.47     0.15   0.15 1
     13     3      8261.25  26668.87     0.15   0.15 1
     14     3     16966.94   8325.89     0.14   0.14 1
     15     3     17940.76  18439.89     0.10   0.10 1
     16     3     17420.66  18048.80     0.12   0.15 1
     17     3     15387.97   9401.60     0.11   0.11 1
     18     3     11397.84   7007.13     0.12   0.12 1
     19     3      7972.61   7606.73     0.13   0.12 1
     20     3      8684.98  12001.40     0.14   0.14 1
     21     3      8574.29  18403.12     0.13   0.13 1
     22     3     10405.73  16598.51     0.13   0.13 1
     23     3      6618.72  22117.48     0.12   0.12 1
     24     3      7058.08  21710.51     0.14   0.17 1
     25     3     18794.28   4658.91     0.17   0.17 1
     26     3     19182.70   5314.62     0.09   0.09 1
     27     3     12039.54   6338.14     0.16   0.13 1
     28     3      8730.05  11931.79     0.14   0.13 1
     29     3     11872.76  20046.55     0.14   0.14 1
     30     3     13811.15  18730.02     0.12   0.12 1
     31     3     17639.71  23875.61     0.10   0.09 1
     32     3     15336.60  19630.88     0.14   0.14 1
     33     3     17488.82  24106.78     0.16   0.16 1
     34     3     14760.65  17825.98     0.15   0.15 1
     35     3      7092.11  40099.11     0.20   0.20 1
     36     3      9888.96  30910.56     0.14   0.14 1
     37     3      9580.96  32077.51     0.13   0.13 1
     39     3      8643.03  34021.53     0.14   0.14 1
     40     3     16594.09  34652.00     0.15   0.15 1
     41     3      8967.62  31560.56     0.18   0.16 1
     42     3      8867.46  31509.25     0.19   0.17 1
     43     3      8807.63  37846.72     0.18   0.18 1
     46     3      9982.20  41218.81     0.15   0.12 1
     47     3     17349.37  36752.80     0.14   0.14 1
     48     3     15390.25  39626.39     0.14   0.17 1
     49     3     14348.96  42823.12     0.11   0.11 1
     50     3     13508.58  40154.20     0.15   0.11 1
     51     3      8153.08  32946.93     0.16   0.16 1
     52     3     11991.53  34135.34     0.17   0.17 1
     54     3      7600.07  30096.37     0.11   0.11 1
     56     3     11699.08  34884.25     0.13   0.13 1
     59     3     18680.06  45839.53     0.15   0.11 1
     60     3      4263.81   1548.74     0.06   0.11 1
     61     3      4248.59  18258.93     0.10   0.14 1
     62     3      2303.07  12949.02     0.13   0.13 1
     63     3       127.31   9651.44     0.16   0.16 1
     64     3      2458.54   7386.80     0.17   0.14 1
     65     3      2423.43   7746.95     0.12   0.15 1
     66     3      4114.44  16751.34     0.12   0.08 1
     67     3      3322.77  28634.86     0.17   0.17 1
     68     3       228.11  39213.00     0.19   0.19 1
     69     3      3974.88  32552.41     0.15   0.15 1
     70     3      1024.68  33197.57     0.15   0.15 1
     71     3      2435.97  41966.90     0.14   0.14 1
     74     3      3035.96  46551.29     0.23   0.23 1
      1     2     11790.61   1567.66     0.12   0.12 1
      2     2     15985.25   2347.49     0.13   0.16 1
      3     2     10066.78   1377.32     0.12   0.12 1
      4     2     17053.64    357.02     0.12   0.12 1
      5     2     12304.59   3394.93     0.16   0.16 1
      7     2     15679.50   2027.35     0.13   0.13 1
      8     2      8654.20  19117.77     0.12   0.12 1
     10     2     12803.88   6431.13     0.15   0.12 1
     11     2      8073.55  18776.49     0.12   0.12 1
     12     2      7021.64  26418.07     0.15   0.15 1
     13     2      8135.47  26702.43     0.15   0.15 1
     14     2     17278.16   8221.75     0.14   0.14 1
     15     2     17917.52  18426.68     0.10   0.09 1
     16     2     17412.97  18031.76     0.12   0.12 1
     17     2     15684.20   9304.79     0.11   0.11 1
     18     2     11794.48   6888.07     0.12   0.12 1
     19     2      8347.98   7498.18     0.13   0.12 1
     20     2      8960.24  11924.13     0.14   0.14 1
     21     2      8677.76  18373.29     0.13   0.13 1
     22     2     10550.85  16554.63     0.13   0.13 1
     23     2      6629.40  22116.97     0.12   0.12 1
     24     2      7080.74  21706.69     0.15   0.15 1
     27     2     12448.34   6214.59     0.16   0.13 1
     28     2      9007.20  11853.44     0.14   0.13 1
     29     2     11893.50  20033.53     0.14   0.14 1
     30     2     13820.25  18714.48     0.12   0.12 1
     31     2     17469.21  23901.87     0.10   0.09 1
     32     2     15299.42  19624.94     0.14   0.14 1
     33     2     17312.74  24134.78     0.12   0.12 1
     34     2     14783.15  17804.04     0.15   0.12 1
     35     2      6562.12  40236.21     0.20   0.20 1
     36     2      9649.01  30970.28     0.14   0.11 1
     37     2      9308.71  32146.68     0.16   0.16 1
     41     2      8713.94  31626.51     0.18   0.16 1
     42     2      8615.11  31574.97     0.19   0.17 1
     43     2      8344.26  37963.74     0.18   0.18 1
     44     2     11367.47  31732.39     0.14   0.17 1
     45     2     11352.12  31781.86     0.17   0.17 1
     46     2      9465.85  41347.13     0.15   0.12 1
     47     2     16847.20  36863.68     0.14   0.14 1
     48     2     14819.47  39760.18     0.14   0.17 1
     50     2     12984.33  40277.71     0.15   0.15 1
     53     2     10686.53  34181.61     0.24   0.24 0
     56     2     11325.60  34974.63     0.13   0.09 1
     57     2     18588.80  40269.82     0.16   0.16 1
     58     2     18864.00  38678.68     0.13   0.13 1
     59     2     17904.76  46013.14     0.15   0.11 1
     60     2      4782.30   1400.58     0.06   0.11 1
     62     2      2573.40  12882.08     0.13   0.13 1
     64     2      2838.70   7284.60     0.17   0.14 1
     65     2      2788.68   7648.91     0.12   0.15 1
     66     2      4227.39  16723.71     0.12   0.08 1
     67     2      3140.03  28690.67     0.17   0.17 1
     70     2       717.00  33289.20     0.15   0.15 1
     71     2      1869.74  42120.41     0.14   0.14 1
     74     2      2368.71  46727.93     0.23   0.23 1
      2     1     15863.23   2198.47     0.16   0.16 1
      3     1      9968.30   1254.86     0.12   0.12 1
      5     1     12178.60   3257.55     0.13   0.16 1
      6     1     17445.69   2883.17     0.12   0.15 1
      7     1     15562.09   1880.88     0.10   0.13 1
      8     1      8576.75  19097.68     0.12   0.12 1
      9     1      6942.39  15581.80     0.14   0.14 1
     10     1     12683.22   6315.25     0.15   0.12 1
     11     1      7994.51  18755.12     0.12   0.12 1
     12     1      6971.38  26440.32     0.15   0.15 1
     13     1      8101.11  26734.27     0.15   0.15 1
     14     1     17207.95   8141.99     0.14   0.11 1
     15     1     17958.60  18467.29     0.10   0.10 1
     17     1     15607.00   9223.96     0.14   0.14 1
     18     1     11670.59   6775.17     0.12   0.15 1
     19     1      8241.78   7411.62     0.13   0.12 1
     20     1      8849.38  11852.87     0.14   0.14 1
     21     1      8596.91  18348.08     0.13   0.13 1
     22     1     10464.13  16514.01     0.10   0.13 1
     23     1      6562.72  22119.58     0.12   0.12 1
     24     1      7009.86  21703.89     0.17   0.17 1
     27     1     12331.60   6094.24     0.13   0.13 1
     28     1      8896.55  11781.36     0.14   0.14 1
     30     1     13826.75  18742.64     0.12   0.07 1
     31     1     17532.37  23975.24     0.10   0.09 1
     32     1     15331.85  19671.00     0.14   0.14 1
     33     1     17377.33  24210.36     0.16   0.16 1
     34     1     14798.26  17832.10     0.12   0.12 1
     35     1      6649.93  40368.05     0.20   0.20 1
     36     1      9628.79  31014.53     0.11   0.14 1
     38     1      8571.57  32507.82     0.16   0.16 1
     39     1      8320.28  34185.86     0.14   0.14 1
     41     1      8695.03  31673.97     0.18   0.16 1
     42     1      8596.47  31622.46     0.19   0.17 1
     43     1      8404.90  38072.05     0.18   0.18 1
     46     1      9490.81  41421.90     0.15   0.12 1
     47     1     16941.99  36976.15     0.14   0.11 1
     48     1     14926.50  39883.76     0.14   0.17 1
     50     1     13030.72  40360.58     0.15   0.15 1
     52     1     11654.60  34282.39     0.17   0.17 1
     54     1      7363.94  30187.95     0.11   0.11 1
     55     1     12777.64  38066.36     0.17   0.17 0
     57     1     18659.67  40359.85     0.13   0.14 1
     59     1     18065.37  46159.25     0.15   0.11 1
     60     1      4680.28   1290.75     0.06   0.11 1
     61     1      4295.06  18265.90     0.14   0.14 1
     62     1      2460.28  12830.13     0.13   0.13 1
     63     1       367.64   9534.10     0.16   0.16 1
     64     1      2743.75   7219.41     0.17   0.14 1
     65     1      2702.04   7591.44     0.12   0.12 1
     66     1      4193.53  16741.41     0.12   0.08 1
     67     1      3138.66  28764.78     0.17   0.17 1
     69     1      3707.18  32747.84     0.15   0.15 1
     70     1       750.74  33401.14     0.15   0.15 1
     71     1      1969.96  42274.77     0.17   0.14 1
     74     1      2462.63  46866.60     0.23   0.23 1
      2     4     15163.90   2645.56     0.16   0.16 1
      3     4      9282.17   1743.63     0.12   0.12 1
      7     4     14850.50   2335.77     0.10   0.13 1
     10     4     12190.95   6679.25     0.12   0.12 1
     11     4      8029.91  18858.04     0.12   0.12 1
     12     4      7303.85  26374.20     0.15   0.15 1
     13     4      8410.58  26663.13     0.15   0.15 1
     15     4     17699.26  18590.81     0.10   0.09 1
     17     4     15145.32   9527.94     0.14   0.14 1
     18     4     11212.67   7130.84     0.12   0.15 1
     19     4      7838.89   7765.38     0.13   0.12 1
     20     4      8622.82  12107.14     0.14   0.14 1
     21     4      8608.37  18458.60     0.13   0.13 1
     23     4      6743.02  22151.69     0.12   0.12 1
     24     4      7170.77  21744.41     0.15   0.15 1
     26     4     18809.17   5465.69     0.13   0.13 1
     27     4     11832.46   6467.12     0.16   0.13 1
     28     4      8668.16  12034.54     0.14   0.13 1
     30     4     13677.22  18857.47     0.12   0.12 1
     31     4     17473.67  23976.88     0.10   0.09 1
     32     4     15169.08  19768.81     0.14   0.14 1
     33     4     17329.64  24206.33     0.12   0.13 1
     34     4     14591.21  17966.74     0.12   0.12 1
     36     4     10071.22  30840.06     0.14   0.11 1
     37     4      9783.96  31998.53     0.16   0.13 1
     41     4      9178.01  31487.70     0.18   0.16 1
     42     4      9078.66  31438.31     0.19   0.17 1
     43     4      9065.60  37752.61     0.18   0.18 1
     44     4     11792.13  31590.61     0.17   0.17 1
     45     4     11779.08  31639.67     0.14   0.17 1
     46     4     10308.77  41006.36     0.15   0.12 1
     47     4     17373.19  36676.72     0.10   0.11 1
     50     4     13720.59  39970.13     0.15   0.15 1
     51     4      8391.70  32871.18     0.16   0.16 1
     55     4     13398.94  37728.77     0.17   0.17 0
     57     4     19226.33  39966.82     0.16   0.13 1
     58     4     19432.69  38461.01     0.13   0.13 1
     59     4     18774.65  45648.30     0.15   0.11 1
     60     4      4072.32   1791.12     0.06   0.11 1
     62     4      2373.03  13074.29     0.13   0.13 1
     64     4      2398.69   7595.56     0.17   0.14 1
     65     4      2363.35   7961.31     0.15   0.15 1
     66     4      4152.62  16914.26     0.12   0.07 1
     67     4      3573.94  28666.11     0.14   0.17 1
     68     4       680.81  39159.37     0.19   0.19 1
     69     4      4249.57  32563.99     0.15   0.15 1
     70     4      1378.78  33206.32     0.15   0.15 1
     71     4      2869.58  41877.23     0.17   0.17 1
     72     4       390.13  37324.49     0.14   0.14 1
     73     4       352.32  37256.25     0.12   0.15 1
     74     4      3549.10  46352.57     0.23   0.23 1
