   -5.0968394436e-06      2.1874748194e-06      1.1314701165e+00     (   -3.9990757496e-01      2.4350858302e-01)
    1.5839160352e-05     -7.5172161270e-06     -1.2052530737e+00     (    1.2430206225e+00     -8.3681267144e-01)
   -3.0397426903e-06      2.9568077849e-06     -1.2893733280e-01     (   -2.3848411762e-01      3.2915033699e-01)
   -8.8250527338e-08      1.8532007799e-06      1.2628916911e-01     (   -6.9260484710e-03      2.0629736716e-01)
    3.5030751598e-06      6.8411734238e-06     -2.1616940420e-01     (    2.7486478766e-01      7.6155594196e-01)
   -5.3343401358e-07     -5.4042006322e-08      4.2641622081e-02     (   -4.1865864804e-02     -6.0159286252e-03)
    1.4153733243e-06      1.7736166384e-06      3.6657153336e-01     (    1.1107360819e-01      1.9743810105e-01)
   -1.5005236321e-05     -1.0984233311e-05     -1.5507731617e+00     (   -1.1771729928e+00     -1.2227592589e+00)
   -5.5502743794e-07      1.6513662599e-06     -6.5418894224e-01     (   -4.3538869127e-02      1.8382925117e-01)
   -3.3295663442e-07     -1.2205011751e-07      3.3948645784e-01     (   -2.6125730962e-02     -1.3586556932e-02)
   -6.9654150088e-07      6.8696928543e-09     -7.2624993879e-01     (   -5.4642724543e-02      7.6473071045e-04)
   -2.3830318353e-08      1.9133314451e-07      4.1795577287e-01     (   -1.8693707109e-03      2.1299108219e-02)
    1.1421707274e-06     -1.0265965576e-08      1.4911240785e-01     (    8.9602509312e-02     -1.1428020604e-03)
    1.6361822076e-06      9.0058207441e-07     -1.1107922477e-01     (    1.2841239976e-01      1.0025233794e-01)
   -6.6583479072e-06      8.3259540407e-07      1.9661038447e-01     (   -5.2258739783e-01      9.2684096418e-02)
   -2.9279069772e-06     -1.1055925046e-06      5.1471597312e-01     (   -2.2979415910e-01     -1.2307399464e-01)
   -5.8518035166e-07      2.7131249769e-06      1.0307544070e+00     (   -4.5923175997e-02      3.0202369088e-01)
    2.9581153308e-06      1.0768163947e-06     -6.3333063532e-01     (    2.3209985335e-01      1.1987065273e-01)
   -5.4058689098e-06     -3.9990970023e-06      3.4152445969e-01     (   -4.2408557841e-01     -4.4517744193e-01)
   -1.4884669300e-06     -8.4372741566e-07      9.6116672717e-01     (   -1.1677262147e-01     -9.3923306279e-02)
   -2.1295749208e-06      3.4166432097e-07      1.0458156466e-01     (   -1.6706704501e-01      3.8033898232e-02)
    1.0831672864e-05     -1.1442537925e-06     -1.0802319513e+00     (    8.4982997107e-01     -1.2737774952e-01)
   -9.9339457939e-08     -1.1067269762e-06      3.6418535865e-01     (   -7.7925192697e-03     -1.2320028344e-01)
   -1.4210047458e-06     -2.6681392857e-07      4.7440599049e-01     (   -1.1147075104e-01     -2.9701590665e-02)
    1.0130710085e-06      1.2004687121e-06     -5.8977223895e-01     (    7.9515960192e-02      1.3363556574e-01)
    5.5588063496e-06     -7.3683915773e-07      1.8073132032e-02     (    4.3631871854e-01     -8.2024559835e-02)
    1.8666172621e-07      2.1646980588e-06      1.4031824031e+00     (    1.4646323434e-02      2.4097308562e-01)
    2.4109448551e-06      6.7406949572e-07      6.0901445232e-01     (    1.8914292696e-01      7.5037073022e-02)
   -3.2134322806e-06     -1.5284347716e-06      3.9307071611e-01     (   -2.5213616557e-01     -1.7014458049e-01)
   -4.1023484095e-06      9.3588939996e-07     -6.3810669687e-01     (   -3.2191336750e-01      1.0418273144e-01)
   -2.7199976846e-06      3.8895267299e-06      1.9858984498e-01     (   -2.1347808667e-01      4.3298013500e-01)
   -2.2973363891e-07     -1.9426678775e-06      3.4089432748e-01     (   -1.8028619793e-02     -2.1625679890e-01)
   -2.3457306757e-06     -4.3077636851e-07     -3.1139389075e-01     (   -1.8410249666e-01     -4.7953805988e-02)
   -5.7165603217e-06      6.9191733014e-06      1.3086081996e-01     (   -4.4860212662e-01      7.7023884863e-01)
   -2.9127527489e-06     -3.7849833407e-07      1.0799856131e+00     (   -2.2848870052e-01     -4.2134241814e-02)
   -9.0768474567e-06      1.5353319373e-06      1.1984901482e+00     (   -7.1212645971e-01      1.7091236946e-01)
    1.0129272305e-06     -6.5944277418e-07      4.7735747995e-01     (    7.9468236992e-02     -7.3408833829e-02)
    3.0118923137e-07      1.7926342397e-06     -5.6585992660e-01     (    2.3628695273e-02      1.9955513074e-01)
   -2.1327967199e-06      8.3899223574e-07     -5.9654327709e-02     (   -1.6731875793e-01      9.3396188462e-02)
   -1.5623525820e-06     -3.3973342415e-06      1.1886760454e+00     (   -1.2261387047e-01     -3.7818951782e-01)
    4.9510548810e-07     -2.5195502297e-06      3.5259152612e-01     (    3.8841894428e-02     -2.8047504860e-01)
   -1.0662898490e-06      1.5949768182e-07      4.9278774052e-01     (   -8.3651915984e-02      1.7755200723e-02)
    2.8061586502e-07     -4.2733899340e-07      9.0506996972e-02     (    2.2014545996e-02     -4.7571159142e-02)
    2.0044464596e-06     -8.3132059089e-07     -2.7277181107e-01     (    1.5727252051e-01     -9.2542184864e-02)
    1.6189946426e-06     -1.1867428524e-06     -7.1720687047e-01     (    1.2702918290e-01     -1.3210761003e-01)
    4.6520785565e-07     -9.1142516642e-08     -3.6567966225e-01     (    3.6497956998e-02     -1.0145938542e-02)
   -1.9124370560e-06      3.3709509607e-06      8.1820992491e-02     (   -1.5009378887e-01      3.7525254443e-01)
    8.1722361200e-06      3.8705880818e-06      8.3862570121e-02     (    6.4132034148e-01      4.3087189434e-01)
    1.6206290428e-06      2.0106955194e-06     -8.9606742448e-01     (    1.2717314869e-01      2.2382960136e-01)
    1.6266545894e-06     -1.9208701509e-06     -6.3794339245e-02     (    1.2764106805e-01     -2.1383028708e-01)
   -4.1080691611e-06     -1.2206813912e-06     -5.4192346403e-01     (   -3.2227234577e-01     -1.3588563089e-01)
    9.0799079504e-07      7.0120518455e-07     -2.0495164853e-01     (    7.1243699297e-02      7.8057804086e-02)
    0.0000000000e+00      0.0000000000e+00      0.0000000000e+00     (    0.0000000000e+00      0.0000000000e+00)
   -2.4434570841e-07      6.8515944632e-07     -1.9371717718e-01     (   -1.9168111841e-02      7.6271600676e-02)
    0.0000000000e+00      0.0000000000e+00      0.0000000000e+00     (    0.0000000000e+00      0.0000000000e+00)
    1.4327332215e-06     -3.4405224903e-06     -1.8144842555e+00     (    1.1241492498e-01     -3.8299721168e-01)
   -5.0040844642e-06     -8.1219784841e-07     -1.0220738472e+00     (   -3.9276908084e-01     -9.0413450909e-02)
    6.0702417852e-06     -3.9727676690e-06      1.1953849577e+00     (    4.7645780247e-01     -4.4224647395e-01)
   -6.8192976574e-08     -1.3736927573e-06      4.6472025867e-01     (   -5.3523018311e-03     -1.5291877825e-01)
    8.2961638312e-06     -8.7432286970e-06     -2.6010379419e+00     (    6.5071279327e-01     -9.7329176643e-01)
   -1.4614641432e-06      9.0727511062e-07     -2.2026683889e-01     (   -1.1462926800e-01      1.0099740332e-01)
   -1.8873660784e-06     -1.8030332729e-06      5.7549841847e-01     (   -1.4802143518e-01     -2.0071274582e-01)
    2.8718961292e-06     -1.4152849876e-08     -1.6187666417e-01     (    2.2521242723e-01     -1.5754880414e-03)
    6.0266438682e-07      9.0629282268e-07      1.1199392090e-01     (    4.7265956978e-02      1.0088805553e-01)
    2.6860050674e-06      1.4241248093e-06     -2.6129133640e-01     (    2.1065845152e-01      1.5853284860e-01)
    4.2991937920e-06      1.9752065436e-06      2.0631739041e-01     (    3.3720338636e-01      2.1987898665e-01)
   -1.7436159124e-07      8.4053580681e-08      2.9379717944e-01     (   -1.3675282511e-02      9.3568018008e-03)
    2.7030987058e-06      4.6512077333e-06      8.6518060700e-01     (    2.1197283731e-01      5.1777007645e-01)
    2.2974073688e-06     -2.4222126952e-06      2.1641576874e-01     (    1.8019218525e-01     -2.6963948382e-01)
    8.8310542003e-07     -2.4827119529e-07      3.5896902641e-01     (    6.9254640692e-02     -2.7637423038e-02)
    2.4196713184e-06     -2.0182398060e-06      3.3484361342e-02     (    1.8976664222e-01     -2.2466942750e-01)
   -4.6317980235e-06      5.1483618803e-06      9.3986211892e-01     (   -3.6321409954e-01      5.7311302293e-01)
   -1.7920137785e-06      4.2310012421e-07     -3.8104286491e-01     (   -1.4052501638e-01      4.7099290382e-02)
    2.8156985463e-06     -3.1782505307e-07     -6.5189098747e-02     (    2.2083163591e-01     -3.5380123069e-02)
