   -2.2673281642e+00
   -2.9877570083e+00
   -3.5509916163e+00
   -2.6767256540e+00
   -1.9117992516e+00
   -2.2670578192e+00
    2.3130171158e+00
    1.3425334365e+00
   -2.8563857006e+00
   -2.8227499554e+00
   -1.9733420808e+00
   -2.6056240789e+00
   -4.6527784601e+00
    2.6761262124e+00
   -1.7518192205e+00
    3.2475977263e-01
   -2.7999426721e+00
    7.5090124212e-01
   -3.5238771689e+00
   -1.2768426287e+00
   -1.9875607728e+00
    1.7539640041e+00
    1.5845149019e-01
    1.1327829071e-04
   -9.3058167378e-01
    2.4707257911e+00
   -0.0000000000e+00
   -1.8965171842e+00
   -2.4122444562e+00
   -2.3179811510e+00
   -1.8237461662e+00
   -2.3258491983e+00
   -5.6265620785e-01
    1.5254682206e+00
   -3.6925350351e-01
   -4.6034613748e+00
   -3.6003760858e+00
   -2.3735223525e+00
   -1.5515496007e+00
   -2.6013290228e+00
    5.4425837399e-01
   -2.5022792092e+00
   -5.5873369113e+00
   -9.7374475497e-01
   -2.7570060049e+00
    1.3003257933e+00
   -2.2248684868e+00
   -5.0875227281e-01
   -1.5346881801e-01
   -3.6158965529e+00
   -2.8917154546e+00
   -1.0891616587e+00
   -1.8970101662e+00
   -2.3683150610e+00
    2.2797057983e+00
   -1.9576191286e+00
   -8.1477504608e-01
   -2.3578132129e+00
    7.3917387641e-01
   -1.4132363697e+00
   -7.4183044532e+00
   -2.3978163908e+00
    2.0660248574e+00
    6.8961985195e-01
   -3.2829801670e+00
   -4.5040051478e+00
   -2.7208010532e-01
   -9.0124897921e-01
   -6.6951430499e-01
   -2.3109515087e+00
   -3.7382771895e-01
    1.1538375048e+00
   -2.0984217651e+00
   -3.3665209541e-01
   -2.5446179867e+00
    2.2449472724e+00
    2.1500566844e+00
    8.9878297466e+00
   -1.4182170894e+00
   -2.5808801838e+00
   -2.1892404655e+00
   -2.0962286175e+00
   -4.8098876336e+00
   -1.6949115117e+00
   -1.9756716610e+00
   -3.7191622718e+00
    7.4233333785e-01
   -1.3310882640e+00
   -4.4158832642e+00
   -3.9973241649e+00
   -1.8156239477e+00
   -1.4083860058e-01
   -2.6846910406e+00
   -3.7043407382e-01
   -2.7386614271e+00
   -5.2427304365e+00
   -2.6663502060e-01
   -3.0250990905e+00
   -3.7581673967e+00
   -2.2908313950e+00
   -3.7925901141e-01
   -3.3578279957e+00
   -1.6622025883e+00
   -2.1808384475e+00
   -1.0429045435e+00
   -2.0605709256e+00
   -3.1779197769e+00
   -2.3014387238e+00
   -2.0652379118e+00
    5.8303056388e-03
   -1.7796606232e+00
   -3.9260501514e+00
    1.6894093485e+00
    8.3314913336e-01
   -3.8343070703e+00
    2.6282503458e+00
   -2.3200688928e+00
   -1.1738356967e+00
    2.3978556048e+00
   -1.6091207155e+00
    1.5440909223e+00
   -1.8909757603e+00
   -1.4769555023e+00
    8.2713265002e-01
    2.5836676442e+00
   -4.0401456387e+00
    1.5208399749e+00
   -5.8255796103e+00
    5.9405777556e-01
   -2.9544040293e+00
   -2.1384746117e+00
   -4.1983026042e+00
   -2.4822408017e+00
   -1.1608636469e+00
    7.6599372424e-01
    1.8057855060e-02
    9.6939051164e-01
   -5.1596319925e+00
   -3.8600934654e+00
   -7.4465336410e-01
   -2.6778840959e+00
   -6.2601729881e+00
    1.0870161112e+00
    1.3616595838e+00
   -2.0395188139e+00
