   1	  2      5.8932986032e-01    4.5183790172e+01     8.19153e+00 -7.87026e-02  4.20670e+00 -4.04171e-02  2.05994e-02 -5.80357e+00  1.05787e-02 -2.98038e+00 -1.52297e-04  6.04901e-02 -7.82110e-05  3.10643e-02  8.53634e-02 -8.20149e-04  1.53012e-06 -1.22238e-06  6.11121e-09 -2.75221e-06  3.90031e-06 -3.74731e-08
   1	  3      5.8933317462e-01    4.5183785861e+01     8.25894e+00  7.65125e-02  4.06014e+00  3.76140e-02  3.33222e-03 -5.77456e+00  1.63814e-03 -2.83881e+00  2.84378e-05  5.97661e-02  1.39802e-05  2.93813e-02  8.54691e-02  7.91809e-04  2.15937e-06  6.92752e-07  6.66383e-09 -2.72822e-06  3.93241e-06  3.64309e-08
   2	  1      5.9232313772e-01    4.5172304757e+01     8.11416e+00 -5.48643e-02  5.60631e+00 -3.79073e-02 -4.54506e-03 -5.76706e+00 -3.14032e-03 -3.98463e+00  1.07831e-04  5.83774e-02  7.45033e-05  4.03347e-02  8.21283e-02 -5.55309e-04 -9.31603e-07  1.11122e-06 -2.81154e-10 -2.73767e-06  3.86349e-06 -2.61229e-08
   2	  2      5.9231348531e-01    4.5172301130e+01     8.18886e+00 -7.91172e-02  5.70142e+00 -5.50847e-02  1.89241e-02 -5.80344e+00  1.31757e-02 -4.04059e+00 -1.27828e-04  5.83337e-02 -8.89993e-05  4.06143e-02  8.22956e-02 -7.95100e-04  1.51800e-06 -1.22165e-06  6.04532e-09 -2.75296e-06  3.89906e-06 -3.76708e-08
   2	  3      5.9231829960e-01    4.5172297673e+01     8.25567e+00  7.65213e-02  5.56986e+00  5.16267e-02  3.83426e-03 -5.77437e+00  2.58687e-03 -3.89580e+00  2.46445e-05  5.76145e-02  1.66269e-05  3.88709e-02  8.23630e-02  7.63422e-04  2.14721e-06  6.93249e-07  7.01436e-09 -2.72846e-06  3.93088e-06  3.64354e-08
   2	  4      5.9230881257e-01    4.5172305743e+01     8.28648e+00  1.56596e-01  5.47297e+00  1.03427e-01  1.67923e-02 -5.87796e+00  1.10908e-02 -3.88222e+00 -1.03272e-04  5.82503e-02 -6.82082e-05  3.84725e-02  8.21009e-02  1.55153e-03 -1.89244e-06 -1.52601e-06  2.51199e-09 -2.79170e-06  3.94556e-06  7.45627e-08
   3	  1      5.8861150206e-01    4.5188515347e+01     8.11399e+00 -5.22620e-02  3.52288e+00 -2.26908e-02 -2.22092e-03 -5.76572e+00 -9.64263e-04 -2.50332e+00  8.53005e-05  6.09546e-02  3.70352e-05  2.64649e-02  8.57713e-02 -5.52446e-04 -9.15739e-07  1.11010e-06  5.43459e-10 -2.73678e-06  3.86337e-06 -2.48836e-08
   3	  2      5.8860202029e-01    4.5188513123e+01     8.19260e+00 -7.85628e-02  3.59213e+00 -3.44467e-02  2.11689e-02 -5.80364e+00  9.28173e-03 -2.54467e+00 -1.60142e-04  6.10169e-02 -7.02159e-05  2.67535e-02  8.61168e-02 -8.25812e-04  1.53421e-06 -1.22267e-06  6.10568e-09 -2.74435e-06  3.90081e-06 -3.74065e-08
   3	  3      5.8860462097e-01    4.5188507884e+01     8.26019e+00  7.64683e-02  3.43925e+00  3.18387e-02  3.11293e-03 -5.77464e+00  1.29611e-03 -2.40435e+00  3.04333e-05  6.02931e-02  1.26713e-05  2.51039e-02  8.62345e-02  7.98317e-04  2.16349e-06  6.92532e-07  6.56964e-09 -2.72811e-06  3.93299e-06  3.64098e-08
   3	  4      5.8859762016e-01    4.5188519121e+01     8.28514e+00  1.60223e-01  3.34959e+00  6.47762e-02  2.34823e-02 -5.87647e+00  9.49363e-03 -2.37579e+00 -1.79663e-04  6.07593e-02 -7.26358e-05  2.45643e-02  8.56449e-02  1.65625e-03 -1.87666e-06 -1.52746e-06  4.16992e-09 -2.78337e-06  3.94488e-06  7.62886e-08
   4	  2      5.8457285362e-01    4.5169428474e+01     8.19002e+00 -7.87124e-02  6.08335e+00 -5.84656e-02  2.05163e-02 -5.80385e+00  1.52390e-02 -4.31095e+00 -1.63269e-04  6.38389e-02 -1.21272e-04  4.74180e-02  9.00676e-02 -8.65613e-04  1.53001e-06 -1.22151e-06  6.65259e-09 -2.74555e-06  3.89954e-06 -3.74773e-08
   4	  3      5.8458043059e-01    4.5169423434e+01     8.25756e+00  7.72058e-02  5.94095e+00  5.55462e-02  4.16462e-03 -5.77505e+00  2.99626e-03 -4.15489e+00  1.74447e-05  6.30534e-02  1.25507e-05  4.53641e-02  9.01464e-02  8.42847e-04  2.15902e-06  6.93677e-07  7.83366e-09 -2.72857e-06  3.93170e-06  3.67606e-08
   5	  1      5.9640445829e-01    4.5182360134e+01     8.11547e+00 -5.37557e-02  4.30480e+00 -2.85144e-02 -2.95207e-03 -5.76693e+00 -1.56591e-03 -3.05903e+00  9.02267e-05  5.54677e-02  4.78602e-05  2.94225e-02  7.80499e-02 -5.16987e-04 -9.32693e-07  1.11066e-06  7.79130e-11 -2.73742e-06  3.86415e-06 -2.55953e-08
   5	  2      5.9639459625e-01    4.5182361141e+01     8.19000e+00 -7.91581e-02  4.38926e+00 -4.24232e-02  1.87995e-02 -5.80338e+00  1.00752e-02 -3.11020e+00 -1.17189e-04  5.54384e-02 -6.28052e-05  2.97111e-02  7.82232e-02 -7.56040e-04  1.51670e-06 -1.22227e-06  5.61585e-09 -2.74484e-06  3.89964e-06 -3.76906e-08
   5	  3      5.9639384419e-01    4.5182354837e+01     8.25664e+00  7.59776e-02  4.25227e+00  3.91294e-02  3.23444e-03 -5.77413e+00  1.66578e-03 -2.97375e+00  3.22314e-05  5.47627e-02  1.65996e-05  2.82035e-02  7.82992e-02  7.20514e-04  2.14610e-06  6.92579e-07  6.17737e-09 -2.72821e-06  3.93138e-06  3.61768e-08
   6	  1      5.9496653270e-01    4.5167963227e+01     8.11418e+00 -5.56965e-02  6.16559e+00 -4.23212e-02 -5.13286e-03 -5.76731e+00 -3.90023e-03 -4.38232e+00  1.12107e-04  5.64996e-02  8.51850e-05  4.29314e-02  7.94837e-02 -5.45579e-04 -9.38731e-07  1.11155e-06 -5.47812e-10 -2.73051e-06  3.86353e-06 -2.65193e-08
   6	  3      5.9495963582e-01    4.5167957142e+01     8.25360e+00  7.63990e-02  6.14310e+00  5.68633e-02  3.98300e-03 -5.77391e+00  2.96452e-03 -4.29749e+00  2.44099e-05  5.57722e-02  1.81681e-05  4.15109e-02  7.97161e-02  7.37892e-04  2.14004e-06  6.93380e-07  7.07639e-09 -2.72853e-06  3.92992e-06  3.63774e-08
   7	  1      5.9109055672e-01    4.5173142817e+01     8.11396e+00 -5.46465e-02  5.49975e+00 -3.70401e-02 -4.44882e-03 -5.76690e+00 -3.01547e-03 -3.90888e+00  1.07527e-04  5.92480e-02  7.28834e-05  4.01590e-02  8.33529e-02 -5.61367e-04 -9.28996e-07  1.11114e-06 -2.21160e-10 -2.73009e-06  3.86338e-06 -2.60191e-08
   7	  2      5.9107262277e-01    4.5173145980e+01     8.18928e+00 -7.90256e-02  5.59266e+00 -5.39685e-02  1.92892e-02 -5.80351e+00  1.31730e-02 -3.96336e+00 -1.34434e-04  5.92191e-02 -9.18082e-05  4.04422e-02  8.35479e-02 -8.06223e-04  1.52070e-06 -1.22171e-06  6.12775e-09 -2.75291e-06  3.89925e-06 -3.76270e-08
   7	  3      5.9108028013e-01    4.5173138681e+01     8.25624e+00  7.66028e-02  5.45855e+00  5.06454e-02  3.82246e-03 -5.77448e+00  2.52719e-03 -3.81775e+00  2.41872e-05  5.84893e-02  1.59912e-05  3.86697e-02  8.36174e-02  7.75822e-04  2.14988e-06  6.93249e-07  7.06965e-09 -2.72845e-06  3.93114e-06  3.64741e-08
   7	  4      5.9107417931e-01    4.5173146681e+01     8.28604e+00  1.56846e-01  5.35957e+00  1.01451e-01  1.74287e-02 -5.87774e+00  1.12733e-02 -3.80184e+00 -1.12154e-04  5.91151e-02 -7.25432e-05  3.82368e-02  8.33185e-02  1.57714e-03 -1.88977e-06 -1.52607e-06  2.60618e-09 -2.78395e-06  3.94533e-06  7.46813e-08
   8	  1      6.5765610769e-01    4.5191790593e+01     8.12614e+00 -5.73094e-02  3.03563e+00 -2.14087e-02 -1.36601e-04 -5.77035e+00 -5.10293e-05 -2.15559e+00  6.21971e-05  1.19753e-02  2.32346e-05  4.47353e-03  1.68648e-02 -1.18938e-04 -1.03258e-06  1.11135e-06 -1.05312e-09 -2.73244e-06  3.86957e-06 -2.72899e-08
   8	  2      6.5765355885e-01    4.5191782687e+01     8.17718e+00 -8.26153e-02  3.08227e+00 -3.11407e-02  5.10863e-03 -5.79887e+00  1.92563e-03 -2.18580e+00  5.17488e-05  1.19788e-02  1.95060e-05  4.51524e-03  1.68848e-02 -1.70589e-04  1.41413e-06 -1.22252e-06  8.42226e-10 -2.75206e-06  3.89388e-06 -3.93403e-08
   9	  1      6.4404300248e-01    4.5196366853e+01     8.12407e+00 -5.55718e-02  2.45655e+00 -1.68037e-02  2.22733e-04 -5.76930e+00  6.73498e-05 -1.74451e+00  6.10623e-05  2.16322e-02  1.84639e-05  6.54113e-03  3.04617e-02 -2.08369e-04 -1.00645e-06  1.11075e-06 -4.24029e-10 -2.73909e-06  3.86855e-06 -2.64622e-08
  10	  1      6.0823158382e-01    4.5180889846e+01     8.11734e+00 -5.49086e-02  4.48420e+00 -3.03328e-02 -2.89628e-03 -5.76779e+00 -1.59997e-03 -3.18626e+00  8.54873e-05  4.70778e-02  4.72251e-05  2.60068e-02  6.62514e-02 -4.48145e-04 -9.53908e-07  1.11100e-06 -3.08631e-10 -2.73057e-06  3.86514e-06 -2.61450e-08
  10	  2      6.0821876348e-01    4.5180887553e+01     8.18684e+00 -7.98927e-02  4.56561e+00 -4.45542e-02  1.58798e-02 -5.80250e+00  8.85578e-03 -3.23591e+00 -6.63645e-05  4.70407e-02 -3.70099e-05  2.62335e-02  6.63592e-02 -6.47575e-04  1.49495e-06 -1.22212e-06  4.71854e-09 -2.74501e-06  3.89824e-06 -3.80414e-08
  10	  3      6.0821651900e-01    4.5180881768e+01     8.25223e+00  7.50564e-02  4.45715e+00  4.05390e-02  3.01774e-03 -5.77286e+00  1.62993e-03 -3.11801e+00  3.85814e-05  4.64677e-02  2.08384e-05  2.50979e-02  6.64199e-02  6.04111e-04  2.12459e-06  6.92236e-07  5.27213e-09 -2.73564e-06  3.92938e-06  3.57391e-08
  10	  4      6.0821914971e-01    4.5180892153e+01     8.29206e+00  1.57470e-01  4.40293e+00  8.36138e-02  1.53766e-02 -5.87965e+00  8.16469e-03 -3.12199e+00 -5.96645e-05  4.69733e-02 -3.16808e-05  2.49420e-02  6.62326e-02  1.25779e-03 -1.91601e-06 -1.52711e-06  3.05941e-09 -2.78494e-06  3.94835e-06  7.49813e-08
  11	  1      6.5633175317e-01    4.5193391722e+01     8.12605e+00 -5.69761e-02  2.82952e+00 -1.98393e-02  6.89292e-05 -5.77023e+00  2.40014e-05 -2.00922e+00  6.17577e-05  1.29163e-02  2.15043e-05  4.49751e-03  1.81902e-02 -1.27540e-04 -1.02935e-06  1.11121e-06 -9.12069e-10 -2.73231e-06  3.86953e-06 -2.71312e-08
  11	  2      6.5632319827e-01    4.5193392057e+01     8.17787e+00 -8.25045e-02  2.87571e+00 -2.90123e-02  5.55509e-03 -5.79904e+00  1.95342e-03 -2.03920e+00  4.99285e-05  1.29216e-02  1.75571e-05  4.54382e-03  1.82152e-02 -1.83768e-04  1.41741e-06 -1.22263e-06  9.38733e-10 -2.75192e-06  3.89420e-06 -3.92876e-08
  11	  3      6.5632436528e-01    4.5193388662e+01     8.23862e+00  7.09170e-02  2.86328e+00  2.46467e-02  1.20110e-03 -5.76774e+00  4.17435e-04 -2.00454e+00  6.01104e-05  1.27817e-02  2.08909e-05  4.44218e-03  1.82564e-02  1.57150e-04  2.04819e-06  6.89918e-07  8.62926e-10 -2.73500e-06  3.92314e-06  3.37700e-08
  11	  4      6.5631711573e-01    4.5193392904e+01     8.30849e+00  1.57282e-01  2.90586e+00  5.50088e-02  6.38115e-03 -5.88494e+00  2.23178e-03 -2.05823e+00  4.93314e-05  1.28863e-02  1.72535e-05  4.50693e-03  1.81835e-02  3.44219e-04 -1.99497e-06 -1.52914e-06  3.54850e-09 -2.78808e-06  3.95641e-06  7.48960e-08
  12	  1      6.8608184557e-01    4.5195977645e+01     8.13143e+00 -5.89916e-02  2.46904e+00 -1.79123e-02  1.13926e-03 -5.77196e+00  3.45926e-04 -1.75261e+00  6.35735e-05 -8.20303e-03  1.93035e-05 -2.49078e-03 -1.15556e-02  8.38326e-05 -1.07904e-06  1.11171e-06 -1.50995e-09 -2.73361e-06  3.87210e-06 -2.80911e-08
  12	  2      6.8606872825e-01    4.5195979448e+01     8.17155e+00 -8.42222e-02  2.49910e+00 -2.57576e-02 -1.25243e-03 -5.79678e+00 -3.83029e-04 -1.77283e+00  6.04933e-05 -8.17706e-03  1.85006e-05 -2.50078e-03 -1.15338e-02  1.18876e-04  1.36645e-06 -1.22259e-06 -1.32541e-09 -2.74438e-06  3.89121e-06 -4.01057e-08
  12	  3      6.8606724330e-01    4.5195975136e+01     8.22933e+00  6.84787e-02  2.55346e+00  2.12481e-02  3.34109e-04 -5.76449e+00  1.03670e-04 -1.78865e+00  6.31658e-05 -8.04909e-03  1.95996e-05 -2.49753e-03 -1.14915e-02 -9.56249e-05  1.99791e-06  6.88791e-07 -1.63354e-09 -2.73473e-06  3.91872e-06  3.26089e-08
  12	  4      6.8607172905e-01    4.5195982029e+01     8.31883e+00  1.56088e-01  2.64641e+00  4.96551e-02 -9.87922e-04 -5.88840e+00 -3.14280e-04 -1.87323e+00  6.20083e-05 -8.18145e-03  1.97262e-05 -2.60270e-03 -1.15679e-02 -2.17051e-04 -2.04675e-06 -1.52988e-06  3.35329e-09 -2.79015e-06  3.96134e-06  7.43275e-08
  13	  1      6.8720442480e-01    4.5192892039e+01     8.13122e+00 -5.95200e-02  2.86908e+00 -2.10015e-02  7.10865e-04 -5.77199e+00  2.50827e-04 -2.03663e+00  6.30620e-05 -9.01100e-03  2.22512e-05 -3.17951e-03 -1.26935e-02  9.29150e-05 -1.08283e-06  1.11193e-06 -1.76121e-09 -2.73380e-06  3.87200e-06 -2.83427e-08
  13	  2      6.8719101110e-01    4.5192892486e+01     8.17043e+00 -8.43476e-02  2.89513e+00 -2.98879e-02 -1.76679e-03 -5.79646e+00 -6.26048e-04 -2.05393e+00  5.95202e-05 -8.96149e-03  2.10905e-05 -3.17544e-03 -1.26386e-02  1.30474e-04  1.36271e-06 -1.22239e-06 -1.42739e-09 -2.75214e-06  3.89067e-06 -4.01654e-08
  13	  3      6.8718944282e-01    4.5192888300e+01     8.22802e+00  6.84550e-02  2.96061e+00  2.46315e-02  4.62319e-04 -5.76414e+00  1.66352e-04 -2.07406e+00  6.33993e-05 -8.81823e-03  2.28124e-05 -3.17298e-03 -1.25883e-02 -1.04732e-04  1.99415e-06  6.88912e-07 -1.69555e-09 -2.72733e-06  3.91809e-06  3.25976e-08
  13	  4      6.8719366676e-01    4.5192892874e+01     8.31890e+00  1.55376e-01  3.04743e+00  5.69181e-02 -2.36835e-03 -5.88848e+00 -8.67589e-04 -2.15710e+00  5.97663e-05 -8.99172e-03  2.18940e-05 -3.29390e-03 -1.27125e-02 -2.37438e-04 -2.05055e-06 -1.52959e-06  2.94305e-09 -2.79027e-06  3.96137e-06  7.39882e-08
  14	  1      6.1526651006e-01    4.5168497225e+01     8.11711e+00 -5.72422e-02  6.08377e+00 -4.29030e-02 -4.58125e-03 -5.76830e+00 -3.43364e-03 -4.32334e+00  9.52537e-05  4.20643e-02  7.13926e-05  3.15271e-02  5.91899e-02 -4.17407e-04 -9.73414e-07  1.11194e-06 -1.13165e-09 -2.73146e-06  3.86508e-06 -2.72565e-08
  14	  2      6.1525141994e-01    4.5168494767e+01     8.18192e+00 -8.05536e-02  6.15734e+00 -6.06209e-02  1.31966e-02 -5.80124e+00  9.93115e-03 -4.36575e+00 -3.33953e-05  4.20840e-02 -2.51318e-05  3.16705e-02  5.93441e-02 -5.84258e-04  1.47537e-06 -1.22129e-06  4.25842e-09 -2.75331e-06  3.89595e-06 -3.83566e-08
  14	  3      6.1525491573e-01    4.5168490493e+01     8.24629e+00  7.47488e-02  6.09400e+00  5.52393e-02  3.45624e-03 -5.77143e+00  2.55416e-03 -4.26508e+00  3.79263e-05  4.15826e-02  2.80275e-05  3.07295e-02  5.94099e-02  5.38526e-04  2.10504e-06  6.92628e-07  5.31313e-09 -2.73586e-06  3.92660e-06  3.55930e-08
  15	  1      6.5510742482e-01    4.5166242145e+01     8.12245e+00 -6.07549e-02  6.35333e+00 -4.75221e-02 -3.99005e-03 -5.77000e+00 -3.12099e-03 -4.51326e+00  7.13639e-05  1.37066e-02  5.58204e-05  1.07212e-02  1.92954e-02 -1.44326e-04 -1.04352e-06  1.11294e-06 -2.43032e-09 -2.74095e-06  3.86781e-06 -2.89306e-08
  15	  2      6.5509886045e-01    4.5166243254e+01     8.17074e+00 -8.29540e-02  6.37646e+00 -6.47374e-02  3.63127e-03 -5.79724e+00  2.83385e-03 -4.52418e+00  5.35562e-05  1.38833e-02  4.17953e-05  1.08345e-02  1.95603e-02 -1.98587e-04  1.40398e-06 -1.22089e-06  1.08754e-09 -2.74613e-06  3.89081e-06 -3.95016e-08
  15	  3      6.5510019328e-01    4.5166238190e+01     8.23098e+00  7.15856e-02  6.43180e+00  5.59380e-02  2.58218e-03 -5.76611e+00  2.01775e-03 -4.50572e+00  5.65437e-05  1.37736e-02  4.41840e-05  1.07629e-02  1.96606e-02  1.70991e-04  2.03446e-06  6.91356e-07  2.03795e-09 -2.73562e-06  3.91949e-06  3.40883e-08
  15	  4      6.5509879283e-01    4.5166246160e+01     8.30554e+00  1.51652e-01  6.40273e+00  1.16909e-01 -2.70140e-03 -5.88449e+00 -2.08250e-03 -4.53635e+00  6.95393e-05  1.36341e-02  5.36077e-05  1.05105e-02  1.92339e-02  3.51196e-04 -2.00846e-06 -1.52644e-06  7.04025e-10 -2.78878e-06  3.95500e-06  7.22151e-08
  16	  2      6.5355820069e-01    4.5167648805e+01     8.17146e+00 -8.28350e-02  6.19745e+00 -6.28242e-02  4.10963e-03 -5.79744e+00  3.11685e-03 -4.39693e+00  5.16438e-05  1.49740e-02  3.91680e-05  1.13567e-02  2.10987e-02 -2.13879e-04  1.40751e-06 -1.22099e-06  1.19743e-09 -2.75357e-06  3.89114e-06 -3.94448e-08
  16	  3      6.5356112006e-01    4.5167643488e+01     8.23188e+00  7.16797e-02  6.24603e+00  5.43878e-02  2.55045e-03 -5.76635e+00  1.93518e-03 -4.37528e+00  5.61510e-05  1.48481e-02  4.26052e-05  1.12661e-02  2.11958e-02  1.84565e-04  2.03797e-06  6.91335e-07  2.07118e-09 -2.72813e-06  3.91992e-06  3.41331e-08
  17	  1      6.1945941441e-01    4.5172834960e+01     8.11827e+00 -5.69560e-02  5.51855e+00 -3.87170e-02 -3.83566e-03 -5.76854e+00 -2.60736e-03 -3.92127e+00  8.78488e-05  3.90939e-02  5.97170e-05  2.65748e-02  5.50163e-02 -3.85979e-04 -9.78044e-07  1.11175e-06 -1.04520e-09 -2.73894e-06  3.86566e-06 -2.71204e-08
  17	  2      6.1945094781e-01    4.5172845275e+01     8.18202e+00 -8.07183e-02  5.58937e+00 -5.51410e-02  1.25634e-02 -5.80117e+00  8.58245e-03 -3.96295e+00 -2.23218e-05  3.90916e-02 -1.52487e-05  2.67046e-02  5.51256e-02 -5.43830e-04  1.47048e-06 -1.22155e-06  3.89149e-09 -2.74557e-06  3.89602e-06 -3.84353e-08
  17	  3      6.1945163067e-01    4.5172834595e+01     8.24606e+00  7.43204e-02  5.52673e+00  4.98115e-02  3.13947e-03 -5.77119e+00  2.10416e-03 -3.86801e+00  4.18147e-05  3.86247e-02  2.80253e-05  2.58873e-02  5.51849e-02  4.97375e-04  2.10027e-06  6.92255e-07  4.68603e-09 -2.72826e-06  3.92652e-06  3.53893e-08
  17	  4      6.1944948090e-01    4.5172845204e+01     8.29514e+00  1.55122e-01  5.47198e+00  1.02328e-01  9.46402e-03 -5.88101e+00  6.24304e-03 -3.87947e+00  4.31655e-07  3.90065e-02  2.84746e-07  2.57310e-02  5.50065e-02  1.02864e-03 -1.94073e-06 -1.52653e-06  2.03872e-09 -2.78599e-06  3.94989e-06  7.38645e-08
  18	  1      6.1000739628e-01    4.5183648182e+01     8.11782e+00 -5.46576e-02  4.12643e+00 -2.77834e-02 -2.44530e-03 -5.76780e+00 -1.24299e-03 -2.93187e+00  8.12739e-05  4.58147e-02  4.13129e-05  2.32884e-02  6.44778e-02 -4.34129e-04 -9.55335e-07  1.11086e-06 -2.15209e-10 -2.73054e-06  3.86538e-06 -2.60255e-08
  18	  2      6.0999873543e-01    4.5183640934e+01     8.18700e+00 -7.99436e-02  4.20576e+00 -4.10679e-02  1.56883e-02 -5.80244e+00  8.05926e-03 -2.98078e+00 -6.13966e-05  4.57777e-02 -3.15401e-05  2.35165e-02  6.45795e-02 -6.30596e-04  1.49342e-06 -1.22228e-06  4.57468e-09 -2.75237e-06  3.89833e-06 -3.80658e-08
  18	  3      6.1000219862e-01    4.5183638189e+01     8.25227e+00  7.48533e-02  4.09672e+00  3.71598e-02  2.83609e-03 -5.77273e+00  1.40794e-03 -2.86579e+00  4.06593e-05  4.52172e-02  2.01847e-05  2.24474e-02  6.46344e-02  5.86278e-04  2.12312e-06  6.92029e-07  5.00957e-09 -2.73556e-06  3.92941e-06  3.56425e-08
  18	  4      6.0999485139e-01    4.5183649867e+01     8.29275e+00  1.57946e-01  4.04995e+00  7.71363e-02  1.58448e-02 -5.87978e+00  7.73817e-03 -2.87152e+00 -5.99932e-05  4.57099e-02 -2.92990e-05  2.23235e-02  6.44551e-02  1.22763e-03 -1.91761e-06 -1.52740e-06  3.31033e-09 -2.78500e-06  3.94869e-06  7.52079e-08
  19	  1      6.1243312876e-01    4.5193043434e+01     8.11848e+00 -5.35181e-02  2.91433e+00 -1.92116e-02 -9.98606e-04 -5.76734e+00 -3.58474e-04 -2.07033e+00  6.94846e-05  4.40631e-02  2.49432e-05  1.58175e-02  6.20230e-02 -4.08861e-04 -9.54014e-07  1.11030e-06  1.98885e-10 -2.73772e-06  3.86572e-06 -2.54831e-08
  19	  2      6.1241614419e-01    4.5193041931e+01     8.18808e+00 -7.98953e-02  2.97717e+00 -2.90498e-02  1.59061e-02 -5.80224e+00  5.78343e-03 -2.10968e+00 -5.84850e-05  4.40904e-02 -2.12651e-05  1.60312e-02  6.22095e-02 -6.07008e-04  1.49474e-06 -1.22285e-06  4.28012e-09 -2.74416e-06  3.89886e-06 -3.80430e-08
  19	  3      6.1241905628e-01    4.5193037851e+01     8.25333e+00  7.44521e-02  2.86596e+00  2.58534e-02  2.30133e-03 -5.77241e+00  7.99136e-04 -2.00446e+00  4.55125e-05  4.35665e-02  1.58042e-05  1.51284e-02  6.22866e-02  5.61882e-04  2.12457e-06  6.91452e-07  4.51019e-09 -2.72784e-06  3.92993e-06  3.54516e-08
  19	  4      6.1241834396e-01    4.5193047969e+01     8.29351e+00  1.59776e-01  2.83162e+00  5.45518e-02  1.84486e-02 -5.87949e+00  6.29882e-03 -2.00741e+00 -7.46533e-05  4.39312e-02 -2.54886e-05  1.49992e-02  6.19555e-02  1.19359e-03 -1.91665e-06 -1.52833e-06  4.29041e-09 -2.78498e-06  3.94907e-06  7.60800e-08
  20	  1      6.2963530310e-01    4.5191233109e+01     8.12151e+00 -5.51474e-02  3.13034e+00 -2.12559e-02 -8.67339e-04 -5.76873e+00 -3.34306e-04 -2.22349e+00  6.66703e-05  3.18736e-02  2.56973e-05  1.22853e-02  4.48724e-02 -3.04694e-04 -9.84646e-07  1.11078e-06 -3.33562e-10 -2.73862e-06  3.86727e-06 -2.62597e-08
  20	  2      6.2962427164e-01    4.5191228608e+01     8.18385e+00 -8.09601e-02  3.19387e+00 -3.15959e-02  1.16810e-02 -5.80112e+00  4.55868e-03 -2.26397e+00 -1.79112e-06  3.18555e-02 -6.99013e-07  1.24321e-02  4.49314e-02 -4.44489e-04  1.46323e-06 -1.22265e-06  3.00746e-09 -2.75193e-06  3.89695e-06 -3.85511e-08
  20	  3      6.2962081727e-01    4.5191225582e+01     8.24729e+00  7.31096e-02  3.11975e+00  2.76556e-02  1.97091e-03 -5.77072e+00  7.45549e-04 -2.18293e+00  5.20851e-05  3.14773e-02  1.97026e-05  1.19071e-02  4.49841e-02  3.98772e-04  2.09343e-06  6.90948e-07  3.14003e-09 -2.72777e-06  3.92717e-06  3.48132e-08
  20	  4      6.2963403751e-01    4.5191238509e+01     8.29951e+00  1.58389e-01  3.11705e+00  5.94863e-02  1.30384e-02 -5.88188e+00  4.89684e-03 -2.20906e+00 -7.22811e-06  3.17882e-02 -2.71466e-06  1.19387e-02  4.48432e-02  8.55796e-04 -1.94843e-06 -1.52847e-06  3.77740e-09 -2.78623e-06  3.95203e-06  7.54214e-08
  21	  1      6.5476039510e-01    4.5191750607e+01     8.12571e+00 -5.70831e-02  3.04261e+00 -2.13743e-02 -2.09377e-04 -5.77022e+00 -7.83997e-05 -2.16061e+00  6.24201e-05  1.40347e-02  2.33727e-05  5.25519e-03  1.97644e-02 -1.38844e-04 -1.02760e-06  1.11129e-06 -9.67869e-10 -2.73231e-06  3.86936e-06 -2.71821e-08
  21	  2      6.5474788111e-01    4.5191753004e+01     8.17792e+00 -8.24439e-02  3.09094e+00 -3.11606e-02  5.79090e-03 -5.79914e+00  2.18874e-03 -2.19185e+00  4.82926e-05  1.40352e-02  1.82528e-05  5.30478e-03  1.97854e-02 -1.99461e-04  1.41922e-06 -1.22254e-06  1.06773e-09 -2.74452e-06  3.89423e-06 -3.92586e-08
  21	  3      6.5474979447e-01    4.5191748008e+01     8.23880e+00  7.10794e-02  3.07682e+00  2.65450e-02  1.32352e-03 -5.76790e+00  4.94275e-04 -2.15405e+00  5.95877e-05  1.38789e-02  2.22533e-05  5.18314e-03  1.98236e-02  1.71026e-04  2.04995e-06  6.90057e-07  1.02667e-09 -2.72758e-06  3.92322e-06  3.38473e-08
  21	  4      6.5474698690e-01    4.5191754889e+01     8.30794e+00  1.57030e-01  3.11499e+00  5.88771e-02  6.24765e-03 -5.88483e+00  2.34250e-03 -2.20646e+00  4.84291e-05  1.40054e-02  1.81581e-05  5.25121e-03  1.97625e-02  3.73536e-04 -1.99309e-06 -1.52895e-06  3.40621e-09 -2.79564e-06  3.95614e-06  7.47760e-08
  22	  1      6.4766783387e-01    4.5186687855e+01     8.12419e+00 -5.72349e-02  3.70276e+00 -2.60859e-02 -1.12175e-03 -5.76999e+00 -5.11259e-04 -2.62978e+00  6.56072e-05  1.90735e-02  2.99018e-05  8.69310e-03  2.68559e-02 -1.89199e-04 -1.01838e-06  1.11146e-06 -1.07090e-09 -2.73967e-06  3.86862e-06 -2.72543e-08
  22	  2      6.4766046497e-01    4.5186684398e+01     8.17853e+00 -8.21234e-02  3.75840e+00 -3.77394e-02  7.04487e-03 -5.79957e+00  3.23743e-03 -2.66516e+00  3.91605e-05  1.90589e-02  1.79960e-05  8.75840e-03  2.68695e-02 -2.69805e-04  1.42875e-06 -1.22226e-06  1.64066e-09 -2.75237e-06  3.89449e-06 -3.91058e-08
  22	  3      6.4766123484e-01    4.5186682421e+01     8.24001e+00  7.17583e-02  3.73457e+00  3.25226e-02  1.75471e-03 -5.76859e+00  7.95276e-04 -2.61446e+00  5.70506e-05  1.88377e-02  2.58567e-05  8.53769e-03  2.69072e-02  2.34323e-04  2.05929e-06  6.90562e-07  1.75172e-09 -2.73523e-06  3.92377e-06  3.41704e-08
  23	  1      6.6934948528e-01    4.5197221278e+01     8.12852e+00 -5.74753e-02  2.32347e+00 -1.64289e-02  9.34161e-04 -5.77087e+00  2.67023e-04 -1.64956e+00  6.13370e-05  3.67207e-03  1.75327e-05  1.04963e-03  5.17290e-03 -3.65765e-05 -1.04950e-06  1.11125e-06 -1.01431e-09 -2.74025e-06  3.87072e-06 -2.73691e-08
  23	  2      6.6933550223e-01    4.5197222087e+01     8.17562e+00 -8.32020e-02  2.36067e+00 -2.40242e-02  2.79959e-03 -5.79810e+00  8.08366e-04 -1.67417e+00  6.05047e-05  3.69643e-03  1.74704e-05  1.06732e-03  5.20527e-03 -5.29730e-05  1.39670e-06 -1.22279e-06 -6.49492e-11 -2.75171e-06  3.89315e-06 -3.96199e-08
  23	  3      6.6933539676e-01    4.5197217544e+01     8.23514e+00  6.97902e-02  2.37402e+00  2.01191e-02  6.84307e-04 -5.76635e+00  1.97272e-04 -1.66232e+00  6.23084e-05  3.67595e-03  1.79623e-05  1.05970e-03  5.24900e-03  4.44837e-05  2.02781e-06  6.89281e-07 -2.62637e-10 -2.72734e-06  3.92149e-06  3.32335e-08
  23	  4      6.6933821142e-01    4.5197225057e+01     8.31304e+00  1.57325e-01  2.44150e+00  4.62056e-02  4.09473e-03 -5.88634e+00  1.20260e-03 -1.72879e+00  6.07950e-05  3.65721e-03  1.78552e-05  1.07411e-03  5.15532e-03  9.75650e-05 -2.01610e-06 -1.52973e-06  3.78947e-09 -2.78895e-06  3.95859e-06  7.49167e-08
  24	  1      6.6774488593e-01    4.5196004334e+01     8.12821e+00 -5.75190e-02  2.48169e+00 -1.75616e-02  7.18162e-04 -5.77085e+00  2.19267e-04 -1.76194e+00  6.13295e-05  4.81441e-03  1.87250e-05  1.46992e-03  6.78169e-03 -4.79901e-05 -1.04745e-06  1.11129e-06 -1.05050e-09 -2.74023e-06  3.87058e-06 -2.73899e-08
  24	  2      6.6773170003e-01    4.5196004171e+01     8.17578e+00 -8.31314e-02  2.52144e+00 -2.56380e-02  3.07680e-03 -5.79823e+00  9.48897e-04 -1.78819e+00  5.97298e-05  4.82932e-03  1.84209e-05  1.48938e-03  6.80269e-03 -6.91696e-05  1.39881e-06 -1.22272e-06  6.39102e-11 -2.75179e-06  3.89323e-06 -3.95863e-08
  24	  3      6.6772990453e-01    4.5196001290e+01     8.23544e+00  6.99458e-02  2.53171e+00  2.15025e-02  7.86419e-04 -5.76654e+00  2.41758e-04 -1.77273e+00  6.20936e-05  4.79361e-03  1.90886e-05  1.47364e-03  6.84519e-03  5.81382e-05  2.02987e-06  6.89399e-07 -1.15052e-10 -2.72738e-06  3.92163e-06  3.33076e-08
  24	  4      6.6773697380e-01    4.5196007534e+01     8.31251e+00  1.57163e-01  2.59621e+00  4.90861e-02  4.11637e-03 -5.88623e+00  1.28565e-03 -1.83842e+00  5.99782e-05  4.79873e-03  1.87327e-05  1.49877e-03  6.76714e-03  1.27945e-04 -2.01392e-06 -1.52958e-06  3.68803e-09 -2.79650e-06  3.95833e-06  7.48396e-08
  25	  3      6.0085078245e-01    4.5163363572e+01     8.25012e+00  7.60177e-02  6.75346e+00  6.22273e-02  4.06218e-03 -5.77293e+00  3.32526e-03 -4.72566e+00  2.64970e-05  5.16741e-02  2.16902e-05  4.22999e-02  7.38408e-02  6.80383e-04  2.12709e-06  6.93406e-07  6.87922e-09 -2.72858e-06  3.92831e-06  3.61963e-08
  26	  3      6.0342048242e-01    4.5162323574e+01     8.24900e+00  7.58326e-02  6.89210e+00  6.33586e-02  4.05074e-03 -5.77265e+00  3.38442e-03 -4.82309e+00  2.78554e-05  4.98691e-02  2.32734e-05  4.16660e-02  7.12558e-02  6.55053e-04  2.12198e-06  6.93369e-07  6.75822e-09 -2.72858e-06  3.92780e-06  3.61083e-08
  26	  4      6.0341853447e-01    4.5162331824e+01     8.28937e+00  1.53845e-01  6.79100e+00  1.26036e-01  1.02387e-02 -5.87935e+00  8.38798e-03 -4.81661e+00 -2.45560e-05  5.03685e-02 -2.01173e-05  4.12639e-02  7.10004e-02  1.31772e-03 -1.91805e-06 -1.52525e-06  1.44912e-09 -2.78527e-06  3.94703e-06  7.32545e-08
  27	  1      6.0737607604e-01    4.5181858294e+01     8.11727e+00 -5.47024e-02  4.35985e+00 -2.93811e-02 -2.77217e-03 -5.76770e+00 -1.48896e-03 -3.09788e+00  8.47648e-05  4.76840e-02  4.55278e-05  2.56115e-02  6.71049e-02 -4.52218e-04 -9.51864e-07  1.11092e-06 -2.37446e-10 -2.73048e-06  3.86510e-06 -2.60467e-08
  27	  2      6.0737509722e-01    4.5181870949e+01     8.18726e+00 -7.98227e-02  4.43905e+00 -4.32791e-02  1.61612e-02 -5.80259e+00  8.76243e-03 -3.14611e+00 -7.03081e-05  4.76398e-02 -3.81204e-05  2.58298e-02  6.72067e-02 -6.55237e-04  1.49701e-06 -1.22218e-06  4.78953e-09 -2.75246e-06  3.89843e-06 -3.80080e-08
  27	  3      6.0737497970e-01    4.5181861351e+01     8.25276e+00  7.51031e-02  4.32762e+00  3.93830e-02  2.98953e-03 -5.77297e+00  1.56766e-03 -3.02726e+00  3.85095e-05  4.70581e-02  2.01938e-05  2.46766e-02  6.72667e-02  6.12156e-04  2.12664e-06  6.92215e-07  5.27959e-09 -2.72814e-06  3.92962e-06  3.57613e-08
  27	  4      6.0737772665e-01    4.5181873387e+01     8.29182e+00  1.57726e-01  4.27333e+00  8.12867e-02  1.59517e-02 -5.87951e+00  8.22099e-03 -3.03011e+00 -6.58703e-05  4.75661e-02 -3.39474e-05  2.45140e-02  6.70680e-02  1.27576e-03 -1.91395e-06 -1.52719e-06  3.18023e-09 -2.79248e-06  3.94823e-06  7.51028e-08
  28	  1      6.2936014519e-01    4.5191104477e+01     8.12148e+00 -5.51435e-02  3.14702e+00 -2.13677e-02 -8.92649e-04 -5.76873e+00 -3.45895e-04 -2.23534e+00  6.68406e-05  3.20700e-02  2.59003e-05  1.24269e-02  4.51487e-02 -3.06551e-04 -9.84246e-07  1.11078e-06 -3.22684e-10 -2.73861e-06  3.86725e-06 -2.62578e-08
  28	  2      6.2934688002e-01    4.5191104049e+01     8.18391e+00 -8.09462e-02  3.21063e+00 -3.17561e-02  1.17359e-02 -5.80115e+00  4.60410e-03 -2.27585e+00 -2.48868e-06  3.20509e-02 -9.76334e-07  1.25739e-02  4.52072e-02 -4.47138e-04  1.46365e-06 -1.22265e-06  3.03264e-09 -2.75194e-06  3.89698e-06 -3.85445e-08
  28	  3      6.2934464133e-01    4.5191099112e+01     8.24737e+00  7.31347e-02  3.13598e+00  2.78087e-02  1.98426e-03 -5.77076e+00  7.54495e-04 -2.19427e+00  5.19469e-05  3.16689e-02  1.97523e-05  1.20418e-02  4.52579e-02  4.01333e-04  2.09384e-06  6.90964e-07  3.16275e-09 -2.72777e-06  3.92720e-06  3.48252e-08
  28	  4      6.2935004416e-01    4.5191108733e+01     8.29943e+00  1.58379e-01  3.13341e+00  5.97950e-02  1.30718e-02 -5.88186e+00  4.93520e-03 -2.22067e+00 -7.86127e-06  3.19914e-02 -2.96798e-06  1.20782e-02  4.51296e-02  8.61213e-04 -1.94800e-06 -1.52845e-06  3.78544e-09 -2.78622e-06  3.95199e-06  7.54163e-08
  29	  2      6.6125275387e-01    4.5182818606e+01     8.17399e+00 -8.30026e-02  4.23432e+00 -4.29974e-02  3.52721e-03 -5.79803e+00  1.82718e-03 -3.00352e+00  5.65292e-05  9.44869e-03  2.92835e-05  4.89465e-03  1.33137e-02 -1.35193e-04  1.40261e-06 -1.22192e-06  5.71991e-10 -2.74519e-06  3.89236e-06 -3.95248e-08
  29	  3      6.6125390998e-01    4.5182816099e+01     8.23399e+00  7.07476e-02  4.25797e+00  3.65851e-02  1.61058e-03 -5.76662e+00  8.32866e-04 -2.98204e+00  6.01208e-05  9.36290e-03  3.10897e-05  4.84175e-03  1.33682e-02  1.14862e-04  2.03339e-06  6.90296e-07  6.98476e-10 -2.72775e-06  3.92094e-06  3.36893e-08
  30	  1      6.5620047232e-01    4.5177518734e+01     8.12377e+00 -5.92287e-02  4.89238e+00 -3.56693e-02 -2.28593e-03 -5.76994e+00 -1.37665e-03 -3.47483e+00  6.70258e-05  1.29499e-02  4.03650e-05  7.79883e-03  1.82334e-02 -1.32935e-04 -1.03868e-06  1.11223e-06 -1.91812e-09 -2.73300e-06  3.86844e-06 -2.82039e-08
  30	  2      6.5618912113e-01    4.5177515841e+01     8.17329e+00 -8.27984e-02  4.91987e+00 -4.98400e-02  4.29799e-03 -5.79775e+00  2.58715e-03 -3.48992e+00  5.25688e-05  1.30899e-02  3.16435e-05  7.87940e-03  1.84463e-02 -1.86867e-04  1.40858e-06 -1.22160e-06  9.21804e-10 -2.74550e-06  3.89202e-06 -3.94275e-08
  30	  3      6.5619376761e-01    4.5177512543e+01     8.23368e+00  7.12615e-02  4.95296e+00  4.28672e-02  1.99581e-03 -5.76653e+00  1.20058e-03 -3.46884e+00  5.82416e-05  1.29779e-02  3.50351e-05  7.80684e-03  1.85295e-02  1.60371e-04  2.03919e-06  6.90735e-07  1.27604e-09 -2.72790e-06  3.92078e-06  3.39340e-08
  30	  4      6.5618520055e-01    4.5177520558e+01     8.30669e+00  1.53961e-01  4.94843e+00  9.17174e-02  9.17723e-04 -5.88455e+00  5.46703e-04 -3.50552e+00  6.12785e-05  1.28870e-02  3.65046e-05  7.67703e-03  1.81818e-02  3.36994e-04 -2.00394e-06 -1.52757e-06  1.71398e-09 -2.78844e-06  3.95555e-06  7.33147e-08
  31	  1      6.7641247326e-01    4.5167252210e+01     8.12620e+00 -6.23163e-02  6.20540e+00 -4.75866e-02 -3.33993e-03 -5.77123e+00 -2.55047e-03 -4.40709e+00  6.10872e-05 -1.42744e-03  4.66480e-05 -1.09004e-03 -2.00926e-03  1.54080e-05 -1.07962e-06  1.11337e-06 -2.93894e-09 -2.73443e-06  3.86962e-06 -2.96744e-08
  31	  2      6.7640171816e-01    4.5167252242e+01     8.16598e+00 -8.41989e-02  6.21329e+00 -6.40649e-02 -1.30465e-03 -5.79556e+00 -9.92677e-04 -4.40970e+00  6.19397e-05 -1.23114e-03  4.71284e-05 -9.36741e-04 -1.74155e-03  1.79569e-05  1.36700e-06 -1.22081e-06 -5.46933e-10 -2.74621e-06  3.88856e-06 -4.00947e-08
  31	  3      6.7640530220e-01    4.5167246485e+01     8.22406e+00  6.98577e-02  6.31856e+00  5.36718e-02  2.00981e-03 -5.76372e+00  1.54414e-03 -4.42828e+00  6.30619e-05 -1.15115e-03  4.84506e-05 -8.84431e-04 -1.64330e-03 -1.39588e-05  1.99795e-06  6.90587e-07  2.09185e-10 -2.73546e-06  3.91622e-06  3.32656e-08
  31	  4      6.7640085613e-01    4.5167256867e+01     8.31284e+00  1.50621e-01  6.32668e+00  1.14634e-01 -8.26013e-03 -5.88696e+00 -6.28656e-03 -4.48040e+00  6.12858e-05 -1.45904e-03  4.66429e-05 -1.11044e-03 -2.06981e-03 -3.75032e-05 -2.04602e-06 -1.52687e-06  4.17605e-10 -2.79790e-06  3.95850e-06  7.17243e-08
  32	  1      6.5977150293e-01    4.5173392823e+01     8.12384e+00 -6.01047e-02  5.42497e+00 -4.01370e-02 -2.81612e-03 -5.77011e+00 -1.88056e-03 -3.85319e+00  6.69721e-05  1.03995e-02  4.47229e-05  6.94461e-03  1.46422e-02 -1.08330e-04 -1.04731e-06  1.11258e-06 -2.23622e-09 -2.73335e-06  3.86848e-06 -2.86211e-08
  32	  2      6.5975650802e-01    4.5173394437e+01     8.17129e+00 -8.30893e-02  5.44510e+00 -5.53682e-02  3.12166e-03 -5.79715e+00  2.08018e-03 -3.86305e+00  5.65634e-05  1.05752e-02  3.76922e-05  7.04699e-03  1.48992e-02 -1.51501e-04  1.39993e-06 -1.22131e-06  6.60375e-10 -2.75328e-06  3.89108e-06 -3.95661e-08
  32	  3      6.5976068113e-01    4.5173388906e+01     8.23122e+00  7.10614e-02  5.49837e+00  4.74683e-02  2.11244e-03 -5.76584e+00  1.41109e-03 -3.85152e+00  5.88667e-05  1.05029e-02  3.93223e-05  7.01584e-03  1.49930e-02  1.29437e-04  2.03057e-06  6.90826e-07  1.17688e-09 -2.72797e-06  3.91962e-06  3.38388e-08
  32	  4      6.5975938527e-01    4.5173397520e+01     8.30748e+00  1.52886e-01  5.48872e+00  1.01011e-01 -1.50509e-03 -5.88490e+00 -9.94409e-04 -3.88813e+00  6.59380e-05  1.03339e-02  4.35650e-05  6.82757e-03  1.45784e-02  2.68292e-04 -2.01272e-06 -1.52722e-06  1.23451e-09 -2.79647e-06  3.95593e-06  7.28028e-08
  33	  1      6.7732143385e-01    4.5167670969e+01     8.12637e+00 -6.23292e-02  6.15066e+00 -4.71755e-02 -3.25631e-03 -5.77127e+00 -2.46463e-03 -4.36814e+00  6.07463e-05 -2.07362e-03  4.59775e-05 -1.56947e-03 -2.91914e-03  2.23898e-05 -1.08094e-06  1.11336e-06 -2.93986e-09 -2.73445e-06  3.86970e-06 -2.96805e-08
  33	  2      6.7730919312e-01    4.5167671557e+01     8.16585e+00 -8.42443e-02  6.15754e+00 -6.35253e-02 -1.48369e-03 -5.79549e+00 -1.11879e-03 -4.37015e+00  6.17373e-05 -1.87394e-03  4.65536e-05 -1.41306e-03 -2.64723e-03  2.73104e-05  1.36565e-06 -1.22083e-06 -6.22547e-10 -2.75372e-06  3.88850e-06 -4.01163e-08
  33	  3      6.7731298901e-01    4.5167667057e+01     8.22384e+00  6.97761e-02  6.26434e+00  5.31505e-02  1.96650e-03 -5.76362e+00  1.49794e-03 -4.39032e+00  6.32682e-05 -1.78558e-03  4.81932e-05 -1.36013e-03 -2.54851e-03 -2.16234e-05  1.99662e-06  6.90535e-07  1.01171e-10 -2.73546e-06  3.91612e-06  3.32268e-08
  33	  4      6.7730659991e-01    4.5167673761e+01     8.31316e+00  1.50656e-01  6.27477e+00  1.13715e-01 -8.36619e-03 -5.88704e+00 -6.31480e-03 -4.44354e+00  6.03505e-05 -2.10229e-03  4.55525e-05 -1.58681e-03 -2.97821e-03 -5.39730e-05 -2.04741e-06 -1.52692e-06  4.33586e-10 -2.79795e-06  3.95865e-06  7.17410e-08
  34	  1      6.5267071539e-01    4.5174892750e+01     8.12289e+00 -5.93215e-02  5.23556e+00 -3.82353e-02 -2.75859e-03 -5.76974e+00 -1.77803e-03 -3.71885e+00  6.92765e-05  1.54512e-02  4.46517e-05  9.95898e-03  2.17533e-02 -1.58864e-04 -1.03417e-06  1.11232e-06 -1.96581e-09 -2.74043e-06  3.86801e-06 -2.82480e-08
  34	  2      6.5265439133e-01    4.5174898638e+01     8.17345e+00 -8.26392e-02  5.26275e+00 -5.32100e-02  4.91752e-03 -5.79787e+00  3.16631e-03 -3.73316e+00  4.90378e-05  1.56038e-02  3.15746e-05  1.00471e-02  2.19902e-02 -2.22335e-04  1.41330e-06 -1.22146e-06  1.20564e-09 -2.74563e-06  3.89209e-06 -3.93516e-08
  34	  3      6.5266169653e-01    4.5174892792e+01     8.23414e+00  7.15999e-02  5.29376e+00  4.60318e-02  2.21290e-03 -5.76679e+00  1.42268e-03 -3.70749e+00  5.68030e-05  1.54611e-02  3.65188e-05  9.93999e-03  2.20753e-02  1.91956e-04  2.04381e-06  6.90990e-07  1.69952e-09 -2.72798e-06  3.92099e-06  3.40951e-08
  34	  4      6.5265270290e-01    4.5174895852e+01     8.30529e+00  1.53616e-01  5.27823e+00  9.76270e-02  9.86038e-04 -5.88414e+00  6.26653e-04 -3.73952e+00  6.07008e-05  1.53819e-02  3.85769e-05  9.77560e-03  2.17014e-02  4.01394e-04 -1.99912e-06 -1.52725e-06  1.52154e-09 -2.78827e-06  3.95487e-06  7.31501e-08
  35	  1      7.3993538951e-01    4.5196555131e+01     8.14017e+00 -6.32361e-02  2.35772e+00 -1.83157e-02  2.47294e-03 -5.77429e+00  7.16263e-04 -1.67247e+00  8.19363e-05 -4.65029e-02  2.37321e-05 -1.34691e-02 -6.55515e-02  5.09228e-04 -1.17165e-06  1.11292e-06 -2.94656e-09 -2.73613e-06  3.87602e-06 -3.01106e-08
  35	  2      7.3991691174e-01    4.5196564303e+01     8.15853e+00 -8.73950e-02  2.33183e+00 -2.49788e-02 -1.38717e-02 -5.79163e+00 -3.96474e-03 -1.65533e+00 -4.86829e-05 -4.62792e-02 -1.39143e-05 -1.32273e-02 -6.51950e-02  6.98375e-04  1.27207e-06 -1.22219e-06 -5.48447e-09 -2.74462e-06  3.88476e-06 -4.16141e-08
  35	  3      7.3991371058e-01    4.5196558719e+01     8.21082e+00  6.41634e-02  2.53631e+00  1.98200e-02 -1.03651e-03 -5.75756e+00 -3.20178e-04 -1.77850e+00  5.43450e-05 -4.56299e-02  1.67871e-05 -1.40950e-02 -6.50691e-02 -5.08484e-04  1.90469e-06  6.87020e-07 -6.15619e-09 -2.72685e-06  3.90967e-06  3.05520e-08
  36	  1      7.0379172636e-01    4.5188572710e+01     8.13408e+00 -6.14631e-02  3.41132e+00 -2.57767e-02  4.61443e-04 -5.77326e+00  1.93523e-04 -2.42122e+00  6.36355e-05 -2.07801e-02  2.66878e-05 -8.71489e-03 -2.92766e-02  2.21220e-04 -1.11392e-06  1.11261e-06 -2.41175e-09 -2.74226e-06  3.87332e-06 -2.92677e-08
  36	  2      7.0377023372e-01    4.5188577518e+01     8.16592e+00 -8.54202e-02  3.43185e+00 -3.58991e-02 -6.03237e-03 -5.79513e+00 -2.53520e-03 -2.43549e+00  4.06311e-05 -2.07369e-02  1.70758e-05 -8.71501e-03 -2.92269e-02  3.05730e-04  1.33092e-06 -1.22200e-06 -2.63544e-09 -2.74504e-06  3.88848e-06 -4.06758e-08
  36	  3      7.0377237842e-01    4.5188572472e+01     8.22170e+00  6.72253e-02  3.54122e+00  2.89550e-02  2.73681e-04 -5.76228e+00  1.17879e-04 -2.48190e+00  6.36132e-05 -2.04544e-02  2.73992e-05 -8.81002e-03 -2.91849e-02 -2.38634e-04  1.96268e-06  6.88596e-07 -2.94680e-09 -2.72732e-06  3.91505e-06  3.20117e-08
  36	  4      7.0377729515e-01    4.5188580906e+01     8.32471e+00  1.53503e-01  3.65168e+00  6.73350e-02 -8.47754e-03 -5.89068e+00 -3.71872e-03 -2.58398e+00  3.36177e-05 -2.07118e-02  1.47466e-05 -9.08533e-03 -2.92791e-02 -5.39890e-04 -2.08267e-06 -1.52942e-06  2.16519e-09 -2.79153e-06  3.96410e-06  7.30957e-08
  37	  2      7.0835212450e-01    4.5189458468e+01     8.16502e+00 -8.56742e-02  3.31045e+00 -3.47360e-02 -7.03880e-03 -5.79475e+00 -2.85383e-03 -2.34944e+00  3.30803e-05 -2.39818e-02  1.34122e-05 -9.72324e-03 -3.37975e-02  3.54631e-04  1.32336e-06 -1.22202e-06 -2.98993e-09 -2.74500e-06  3.88804e-06 -4.07966e-08
  37	  3      7.0835159913e-01    4.5189454076e+01     8.22036e+00  6.68404e-02  3.43037e+00  2.78926e-02  1.15288e-04 -5.76174e+00  4.81098e-05 -2.40438e+00  6.31046e-05 -2.36542e-02  2.63336e-05 -9.87092e-03 -3.37480e-02 -2.74408e-04  1.95523e-06  6.88402e-07 -3.35517e-09 -2.73474e-06  3.91439e-06  3.18282e-08
  37	  4      7.0835876660e-01    4.5189460512e+01     8.32630e+00  1.53421e-01  3.54820e+00  6.53794e-02 -9.44545e-03 -5.89115e+00 -4.02512e-03 -2.51048e+00  2.50149e-05 -2.39633e-02  1.06600e-05 -1.02118e-02 -3.38777e-02 -6.24232e-04 -2.09038e-06 -1.52958e-06  2.20097e-09 -2.79184e-06  3.96484e-06  7.30562e-08
  38	  1      7.0956690876e-01    4.5191434915e+01     8.13521e+00 -6.15201e-02  3.03719e+00 -2.29678e-02  1.01685e-03 -5.77342e+00  3.79627e-04 -2.15544e+00  6.63654e-05 -2.48861e-02  2.47767e-05 -9.29095e-03 -3.50653e-02  2.65170e-04 -1.12219e-06  1.11255e-06 -2.39858e-09 -2.73493e-06  3.87384e-06 -2.92948e-08
  39	  1      7.1603869378e-01    4.5192102799e+01     8.13610e+00 -6.19460e-02  2.94847e+00 -2.24488e-02  1.26479e-03 -5.77353e+00  4.58353e-04 -2.09229e+00  6.84516e-05 -2.95001e-02  2.48064e-05 -1.06906e-02 -4.15699e-02  3.16501e-04 -1.13300e-06  1.11266e-06 -2.55704e-09 -2.73519e-06  3.87423e-06 -2.94973e-08
  39	  3      7.1602544361e-01    4.5192097947e+01     8.21810e+00  6.61679e-02  3.09370e+00  2.49089e-02 -2.12165e-04 -5.76065e+00 -7.98692e-05 -2.16859e+00  6.15470e-05 -2.89825e-02  2.31693e-05 -1.09104e-02 -4.13459e-02 -3.32897e-04  1.94351e-06  6.88014e-07 -4.08838e-09 -2.73461e-06  3.91328e-06  3.15077e-08
  40	  3      7.1844460501e-01    4.5170404283e+01     8.21213e+00  6.64420e-02  5.93539e+00  4.80216e-02  8.28488e-04 -5.75981e+00  5.98798e-04 -4.16296e+00  6.69874e-05 -3.07075e-02  4.84158e-05 -2.21941e-02 -4.37811e-02 -3.54222e-04  1.92642e-06  6.89065e-07 -3.32717e-09 -2.72764e-06  3.91043e-06  3.16381e-08
  41	  1      7.0634383486e-01    4.5191114061e+01     8.13468e+00 -6.13068e-02  3.08073e+00 -2.32178e-02  8.94839e-04 -5.77330e+00  3.38889e-04 -2.18644e+00  6.54806e-05 -2.25932e-02  2.47985e-05 -8.55640e-03 -3.18331e-02  2.39908e-04 -1.11682e-06  1.11250e-06 -2.32570e-09 -2.74227e-06  3.87360e-06 -2.91933e-08
  41	  2      7.0632981396e-01    4.5191115274e+01     8.16586e+00 -8.55216e-02  3.09925e+00 -3.24587e-02 -6.42714e-03 -5.79498e+00 -2.43934e-03 -2.19941e+00  3.72103e-05 -2.25473e-02  1.41227e-05 -8.55754e-03 -3.17783e-02  3.32816e-04  1.32789e-06 -1.22214e-06 -2.84055e-09 -2.74488e-06  3.88844e-06 -4.07240e-08
  41	  3      7.0632777777e-01    4.5191111270e+01     8.22144e+00  6.69660e-02  3.21119e+00  2.61560e-02  8.09328e-05 -5.76203e+00  3.16113e-05 -2.25057e+00  6.29516e-05 -2.22370e-02  2.45881e-05 -8.68546e-03 -3.17287e-02 -2.58440e-04  1.95974e-06  6.88381e-07 -3.21810e-09 -2.72724e-06  3.91492e-06  3.18881e-08
  41	  4      7.0633440076e-01    4.5191118215e+01     8.32567e+00  1.53887e-01  3.32820e+00  6.15164e-02 -8.30778e-03 -5.89088e+00 -3.32105e-03 -2.35489e+00  3.16601e-05 -2.25292e-02  1.26562e-05 -9.00609e-03 -3.18499e-02 -5.88696e-04 -2.08581e-06 -1.52972e-06  2.40637e-09 -2.79166e-06  3.96454e-06  7.32782e-08
  42	  1      7.0614359975e-01    4.5191386285e+01     8.13466e+00 -6.12521e-02  3.04580e+00 -2.29342e-02  9.30186e-04 -5.77327e+00  3.48283e-04 -2.16164e+00  6.55953e-05 -2.24515e-02  2.45604e-05 -8.40635e-03 -3.16335e-02  2.38192e-04 -1.11631e-06  1.11248e-06 -2.30510e-09 -2.73476e-06  3.87359e-06 -2.91672e-08
  42	  2      7.0613081624e-01    4.5191387889e+01     8.16595e+00 -8.55043e-02  3.06414e+00 -3.20841e-02 -6.35774e-03 -5.79500e+00 -2.38564e-03 -2.17448e+00  3.76369e-05 -2.24051e-02  1.41226e-05 -8.40716e-03 -3.15783e-02  3.30651e-04  1.32841e-06 -1.22216e-06 -2.82992e-09 -2.74485e-06  3.88849e-06 -4.07158e-08
  42	  3      7.0612885497e-01    4.5191383630e+01     8.22156e+00  6.69758e-02  3.17537e+00  2.58677e-02  7.18785e-05 -5.76205e+00  2.77612e-05 -2.22545e+00  6.29173e-05 -2.20963e-02  2.43002e-05 -8.53412e-03 -3.15283e-02 -2.56842e-04  1.96025e-06  6.88374e-07 -3.22165e-09 -2.73470e-06  3.91497e-06  3.18928e-08
  42	  4      7.0613662366e-01    4.5191390946e+01     8.32560e+00  1.53955e-01  3.29215e+00  6.08778e-02 -8.15803e-03 -5.89084e+00 -3.22589e-03 -2.32939e+00  3.24240e-05 -2.23905e-02  1.28212e-05 -8.85377e-03 -3.16539e-02 -5.85338e-04 -2.08530e-06 -1.52974e-06  2.46014e-09 -2.79929e-06  3.96451e-06  7.33110e-08
  43	  1      7.3106128342e-01    4.5191789509e+01     8.13848e+00 -6.31983e-02  2.97933e+00 -2.31356e-02  1.56807e-03 -5.77415e+00  5.74039e-04 -2.11379e+00  7.29218e-05 -4.01887e-02  2.66951e-05 -1.47122e-02 -5.66413e-02  4.39839e-04 -1.15913e-06  1.11303e-06 -2.98387e-09 -2.73592e-06  3.87528e-06 -3.00930e-08
  43	  2      7.3104655335e-01    4.5191793151e+01     8.15973e+00 -8.69661e-02  2.96554e+00 -3.16066e-02 -1.21778e-02 -5.79242e+00 -4.42584e-03 -2.10517e+00 -2.19590e-05 -4.00173e-02 -7.98069e-06 -1.45437e-02 -5.63761e-02  6.00854e-04  1.28487e-06 -1.22197e-06 -4.78182e-09 -2.74494e-06  3.88540e-06 -4.14105e-08
  43	  3      7.3104808883e-01    4.5191789199e+01     8.21281e+00  6.49753e-02  3.15058e+00  2.49257e-02 -5.70307e-04 -5.75866e+00 -2.18780e-04 -2.20913e+00  5.86650e-05 -3.94620e-02  2.25050e-05 -1.51384e-02 -5.62775e-02 -4.45239e-04  1.91724e-06  6.87549e-07 -5.33645e-09 -2.72704e-06  3.91068e-06  3.09391e-08
  43	  4      7.3104925212e-01    4.5191792378e+01     8.33363e+00  1.52591e-01  3.29058e+00  6.02515e-02 -1.49367e-02 -5.89316e+00 -5.89785e-03 -2.32695e+00 -3.81940e-05 -4.01189e-02 -1.50811e-05 -1.58412e-02 -5.67399e-02 -1.03892e-03 -2.12981e-06 -1.53014e-06  2.00743e-09 -2.80104e-06  3.96821e-06  7.26589e-08
  44	  2      7.0673885239e-01    4.5183814767e+01     8.16409e+00 -8.56891e-02  4.04215e+00 -4.24258e-02 -7.11904e-03 -5.79465e+00 -3.52473e-03 -2.86901e+00  3.41459e-05 -2.28382e-02  1.69061e-05 -1.13075e-02 -3.21831e-02  3.37788e-04  1.32292e-06 -1.22167e-06 -2.84482e-09 -2.74540e-06  3.88760e-06 -4.08037e-08
  44	  4      7.0673987431e-01    4.5183814671e+01     8.32544e+00  1.52330e-01  4.27604e+00  7.82382e-02 -1.09536e-02 -5.89107e+00 -5.62588e-03 -3.02572e+00  2.10014e-05 -2.28186e-02  1.07866e-05 -1.17199e-02 -3.22571e-02 -5.90204e-04 -2.09071e-06 -1.52899e-06  1.58880e-09 -2.79186e-06  3.96444e-06  7.25368e-08
  45	  2      7.0693419679e-01    4.5183852184e+01     8.16402e+00 -8.56996e-02  4.03665e+00 -4.23736e-02 -7.16139e-03 -5.79462e+00 -3.54091e-03 -2.86511e+00  3.38091e-05 -2.29745e-02  1.67167e-05 -1.13596e-02 -3.23751e-02  3.39848e-04  1.32261e-06 -1.22167e-06 -2.86211e-09 -2.74540e-06  3.88757e-06 -4.08087e-08
  45	  4      7.0692962767e-01    4.5183851259e+01     8.32548e+00  1.52326e-01  4.27133e+00  7.81499e-02 -1.09931e-02 -5.89107e+00 -5.63995e-03 -3.02237e+00  2.05921e-05 -2.29562e-02  1.05646e-05 -1.17775e-02 -3.24517e-02 -5.93750e-04 -2.09103e-06 -1.52900e-06  1.60408e-09 -2.79187e-06  3.96445e-06  7.25352e-08
  46	  1      7.4411493477e-01    4.5188643597e+01     8.14165e+00 -6.46917e-02  3.36556e+00 -2.67420e-02  1.41340e-03 -5.77566e+00  5.84267e-04 -2.38752e+00  7.41233e-05 -4.94124e-02  3.06408e-05 -2.04259e-02 -6.96482e-02  5.53407e-04 -1.18332e-06  1.11359e-06 -3.37952e-09 -2.74418e-06  3.87669e-06 -3.08034e-08
  46	  2      7.4410478921e-01    4.5188646682e+01     8.15712e+00 -8.78146e-02  3.36308e+00 -3.62048e-02 -1.55254e-02 -5.79191e+00 -6.40092e-03 -2.38793e+00 -7.01210e-05 -4.93454e-02 -2.89100e-05 -2.03445e-02 -6.94980e-02  7.48173e-04  1.25985e-06 -1.22167e-06 -5.65416e-09 -2.75280e-06  3.88406e-06 -4.18136e-08
  46	  3      7.4410605638e-01    4.5188643502e+01     8.20879e+00  6.40111e-02  3.56899e+00  2.78305e-02 -7.25685e-04 -5.75773e+00 -3.15511e-04 -2.50333e+00  5.64055e-05 -4.87011e-02  2.45238e-05 -2.11741e-02 -6.94289e-02 -5.41399e-04  1.89249e-06  6.87313e-07 -6.23378e-09 -2.73451e-06  3.90867e-06  3.04792e-08
  46	  4      7.4410091591e-01    4.5188646480e+01     8.33911e+00  1.51166e-01  3.74428e+00  6.78741e-02 -1.96742e-02 -5.89541e+00 -8.83376e-03 -2.64706e+00 -1.00888e-04 -4.92687e-02 -4.52990e-05 -2.21218e-02 -6.96956e-02 -1.26340e-03 -2.15484e-06 -1.53003e-06  1.53433e-09 -2.79438e-06  3.97073e-06  7.19789e-08
  47	  1      7.2676694643e-01    4.5168456035e+01     8.13579e+00 -6.61829e-02  6.00353e+00 -4.88374e-02 -1.97593e-03 -5.77444e+00 -1.45807e-03 -4.26105e+00  4.92650e-05 -3.71773e-02  3.63534e-05 -2.74337e-02 -5.23774e-02  4.26077e-04 -1.16558e-06  1.11452e-06 -4.09336e-09 -2.73678e-06  3.87403e-06 -3.15144e-08
  47	  2      7.2675405002e-01    4.5168449915e+01     8.15529e+00 -8.71682e-02  5.98422e+00 -6.39626e-02 -1.30637e-02 -5.79180e+00 -9.58593e-03 -4.24993e+00 -2.12705e-05 -3.69791e-02 -1.56080e-05 -2.71346e-02 -5.20740e-02  5.56594e-04  1.27887e-06 -1.22050e-06 -4.32360e-09 -2.75398e-06  3.88331e-06 -4.15070e-08
  47	  3      7.2675968964e-01    4.5168445862e+01     8.20825e+00  6.58161e-02  6.20262e+00  4.97343e-02  7.17728e-04 -5.75829e+00  5.42355e-04 -4.35128e+00  6.70842e-05 -3.64599e-02  5.06926e-05 -2.75511e-02 -5.19710e-02 -4.16720e-04  1.91091e-06  6.88895e-07 -3.95572e-09 -2.72761e-06  3.90854e-06  3.13397e-08
  47	  4      7.2675501999e-01    4.5168461151e+01     8.33091e+00  1.47935e-01  6.30397e+00  1.11942e-01 -2.18354e-02 -5.89306e+00 -1.65227e-02 -4.45926e+00 -7.39927e-05 -3.70991e-02 -5.59900e-05 -2.80728e-02 -5.24538e-02 -9.31441e-04 -2.13545e-06 -1.52772e-06 -2.71288e-10 -2.79381e-06  3.96694e-06  7.04423e-08
  48	  1      7.3803286911e-01    4.5173893834e+01     8.13826e+00 -6.63102e-02  5.29093e+00 -4.31102e-02 -9.05591e-04 -5.77490e+00 -5.88752e-04 -3.75443e+00  5.49213e-05 -4.51760e-02  3.57060e-05 -2.93703e-02 -6.36596e-02  5.18694e-04 -1.18178e-06  1.11442e-06 -4.13467e-09 -2.73706e-06  3.87512e-06 -3.15744e-08
  48	  2      7.3801949706e-01    4.5173895310e+01     8.15400e+00 -8.77286e-02  5.26312e+00 -5.66258e-02 -1.52687e-02 -5.79104e+00 -9.85539e-03 -3.73792e+00 -5.64180e-05 -4.49617e-02 -3.64159e-05 -2.90212e-02 -6.33107e-02  6.81157e-04  1.26219e-06 -1.22075e-06 -5.21639e-09 -2.74620e-06  3.88262e-06 -4.17731e-08
  48	  3      7.3801165375e-01    4.5173888901e+01     8.20594e+00  6.48050e-02  5.50066e+00  4.34405e-02  1.66839e-04 -5.75713e+00  1.11837e-04 -3.85916e+00  6.38064e-05 -4.43305e-02  4.27711e-05 -2.97159e-02 -6.31836e-02 -4.98983e-04  1.89455e-06  6.88256e-07 -5.21431e-09 -2.72742e-06  3.90736e-06  3.08576e-08
  49	  3      7.5045551835e-01    4.5176811084e+01     8.20314e+00  6.37564e-02  5.12674e+00  3.98460e-02 -2.84204e-04 -5.75610e+00 -1.77620e-04 -3.59740e+00  5.98793e-05 -5.30848e-02  3.74229e-05 -3.31765e-02 -7.56466e-02 -5.87941e-04  1.87455e-06  6.87722e-07 -6.33445e-09 -2.72727e-06  3.90593e-06  3.03575e-08
  50	  1      7.3996775246e-01    4.5178997997e+01     8.13993e+00 -6.57335e-02  4.61988e+00 -3.73076e-02 -1.04229e-04 -5.77553e+00 -5.91561e-05 -3.27795e+00  6.11802e-05 -4.64924e-02  3.47233e-05 -2.63871e-02 -6.55205e-02  5.29106e-04 -1.18193e-06  1.11414e-06 -3.82746e-09 -2.74442e-06  3.87590e-06 -3.12997e-08
  50	  2      7.3995399007e-01    4.5179000171e+01     8.15564e+00 -8.77546e-02  4.61230e+00 -4.96284e-02 -1.53275e-02 -5.79174e+00 -8.66824e-03 -3.27543e+00 -6.06403e-05 -4.63944e-02 -3.42942e-05 -2.62377e-02 -6.53330e-02  7.02983e-04  1.26159e-06 -1.22109e-06 -5.31405e-09 -2.75344e-06  3.88339e-06 -4.17854e-08
  50	  3      7.3995709475e-01    4.5178996087e+01     8.20750e+00  6.45475e-02  4.82904e+00  3.79778e-02 -1.33313e-04 -5.75773e+00 -7.84375e-05 -3.38767e+00  6.14739e-05 -4.57822e-02  3.61694e-05 -2.69369e-02 -6.52581e-02 -5.13220e-04  1.89403e-06  6.87941e-07 -5.54489e-09 -2.72729e-06  3.90809e-06  3.07349e-08
  50	  4      7.3995310332e-01    4.5179002373e+01     8.33697e+00  1.49382e-01  4.98222e+00  8.92714e-02 -2.18600e-02 -5.89498e+00 -1.30636e-02 -3.52288e+00 -1.08385e-04 -4.63563e-02 -6.47715e-05 -2.77028e-02 -6.55647e-02 -1.17479e-03 -2.15294e-06 -1.52898e-06  5.62475e-10 -2.80201e-06  3.96974e-06  7.11297e-08
  51	  3      7.1178826009e-01    4.5193389725e+01     8.22002e+00  6.64793e-02  2.91901e+00  2.36074e-02 -1.71810e-04 -5.76133e+00 -6.10112e-05 -2.04590e+00  6.18520e-05 -2.60378e-02  2.19642e-05 -9.24626e-03 -3.71496e-02 -3.00448e-04  1.95162e-06  6.88085e-07 -3.72963e-09 -2.72714e-06  3.91422e-06  3.16561e-08
  51	  4      7.1178519354e-01    4.5193393149e+01     8.32747e+00  1.54047e-01  3.04373e+00  5.63047e-02 -9.03191e-03 -5.89132e+00 -3.30120e-03 -2.15330e+00  2.29533e-05 -2.64121e-02  8.38953e-06 -9.65373e-03 -3.73427e-02 -6.90790e-04 -2.09430e-06 -1.53002e-06  2.57468e-09 -2.79200e-06  3.96538e-06  7.33541e-08
  52	  1      7.1642727746e-01    4.5182946522e+01     8.13580e+00 -6.32788e-02  4.12990e+00 -3.21216e-02 -7.33925e-05 -5.77404e+00 -3.72556e-05 -2.93102e+00  6.16083e-05 -2.97681e-02  3.12736e-05 -1.51109e-02 -4.19424e-02  3.26219e-04 -1.13904e-06  1.11329e-06 -3.05421e-09 -2.74312e-06  3.87409e-06 -3.01320e-08
  52	  3      7.1641658173e-01    4.5182945611e+01     8.21602e+00  6.63369e-02  4.29118e+00  3.46474e-02  2.46218e-04 -5.76054e+00  1.28598e-04 -3.00869e+00  6.38505e-05 -2.92941e-02  3.33487e-05 -1.53002e-02 -4.17807e-02 -3.37343e-04  1.93735e-06  6.88479e-07 -3.80890e-09 -2.72737e-06  3.91229e-06  3.15882e-08
  53	  2      7.1617987710e-01    4.5185662212e+01     8.16329e+00 -8.62244e-02  3.79964e+00 -4.01335e-02 -9.20932e-03 -5.79460e+00 -4.28652e-03 -2.69712e+00  1.51607e-05 -2.95962e-02  7.05659e-06 -1.37757e-02 -4.17002e-02  4.40455e-04  1.30719e-06 -1.22173e-06 -3.46682e-09 -2.74534e-06  3.88718e-06 -4.10582e-08
  54	  1      7.0059754662e-01    4.5194793810e+01     8.13399e+00 -6.03231e-02  2.60889e+00 -1.93480e-02  1.30242e-03 -5.77290e+00  4.17737e-04 -1.85160e+00  6.61481e-05 -1.85066e-02  2.12163e-05 -5.93579e-03 -2.60748e-02  1.93374e-04 -1.10473e-06  1.11212e-06 -1.94615e-09 -2.73435e-06  3.87329e-06 -2.87250e-08
  54	  3      7.0058648469e-01    4.5194793529e+01     8.22431e+00  6.73446e-02  2.72243e+00  2.22926e-02  3.55552e-05 -5.76285e+00  1.17696e-05 -1.90763e+00  6.27735e-05 -1.82221e-02  2.07794e-05 -6.03192e-03 -2.60057e-02 -2.12948e-04  1.97191e-06  6.88378e-07 -2.80339e-09 -2.72718e-06  3.91630e-06  3.20685e-08
  55	  1      7.3117015940e-01    4.5179673989e+01     8.13938e+00 -6.49263e-02  4.52985e+00 -3.61338e-02 -2.08374e-04 -5.77577e+00 -1.15967e-04 -3.21442e+00  6.05649e-05 -4.01843e-02  3.37065e-05 -2.23640e-02 -5.66255e-02  4.51689e-04 -1.16620e-06  1.11389e-06 -3.45954e-09 -2.74398e-06  3.87571e-06 -3.09158e-08
  55	  4      7.3122700224e-01    4.5179863890e+01     8.33495e+00  1.50067e-01  4.86425e+00  8.75784e-02 -1.91508e-02 -5.89473e+00 -1.11764e-02 -3.44014e+00 -6.66559e-05 -4.00627e-02 -3.89001e-05 -2.33805e-02 -5.66543e-02 -1.02003e-03 -2.13666e-06 -1.52897e-06  9.02676e-10 -2.79372e-06  3.96884e-06  7.14570e-08
  56	  2      7.1936713472e-01    4.5183772709e+01     8.16103e+00 -8.64368e-02  4.02575e+00 -4.26383e-02 -1.00916e-02 -5.79346e+00 -4.97807e-03 -2.85785e+00  6.82610e-06 -3.17781e-02  3.36724e-06 -1.56758e-02 -4.47702e-02  4.74179e-04  1.30068e-06 -1.22156e-06 -3.82480e-09 -2.75300e-06  3.88609e-06 -4.11592e-08
  56	  3      7.1937047573e-01    4.5183775819e+01     8.21511e+00  6.60825e-02  4.18606e+00  3.36728e-02  1.30156e-04 -5.76012e+00  6.63217e-05 -2.93510e+00  6.33010e-05 -3.13462e-02  3.22554e-05 -1.59726e-02 -4.47055e-02 -3.59614e-04  1.93273e-06  6.88340e-07 -4.11621e-09 -2.73479e-06  3.91184e-06  3.14669e-08
  57	  1      7.3992771635e-01    4.5163587215e+01     8.13869e+00 -6.79368e-02  6.61455e+00 -5.52143e-02 -2.38617e-03 -5.77589e+00 -1.93931e-03 -4.69423e+00  4.28005e-05 -4.64933e-02  3.47853e-05 -3.77864e-02 -6.55077e-02  5.46817e-04 -1.19100e-06  1.11520e-06 -4.51103e-09 -2.73765e-06  3.87531e-06 -3.23489e-08
  57	  2      7.3990844945e-01    4.5163578983e+01     8.15211e+00 -8.80540e-02  6.60027e+00 -7.12920e-02 -1.65669e-02 -5.79110e+00 -1.34132e-02 -4.68870e+00 -7.05327e-05 -4.63676e-02 -5.71061e-05 -3.75410e-02 -6.52742e-02  7.05050e-04  1.25272e-06 -1.22009e-06 -5.15123e-09 -2.74680e-06  3.88171e-06 -4.19279e-08
  57	  4      7.3991446394e-01    4.5163582371e+01     8.33618e+00  1.46134e-01  6.98080e+00  1.22375e-01 -2.72031e-02 -5.89524e+00 -2.27802e-02 -4.93674e+00 -1.50365e-04 -4.63490e-02 -1.25918e-04 -3.88132e-02 -6.55453e-02 -1.14902e-03 -2.16168e-06 -1.52741e-06 -7.73936e-10 -2.79500e-06  3.96936e-06  6.95834e-08
  58	  2      7.3379846340e-01    4.5162823029e+01     8.15248e+00 -8.76967e-02  6.69829e+00 -7.20539e-02 -1.51769e-02 -5.79101e+00 -1.24697e-02 -4.75804e+00 -4.79011e-05 -4.19791e-02 -3.93568e-05 -3.44911e-02 -5.91012e-02  6.35754e-04  1.26318e-06 -1.22008e-06 -4.78479e-09 -2.75432e-06  3.88193e-06 -4.17582e-08
  58	  4      7.3382186831e-01    4.5162817757e+01     8.33317e+00  1.46332e-01  7.05319e+00  1.23855e-01 -2.57615e-02 -5.89399e+00 -2.18045e-02 -4.98866e+00 -1.20583e-04 -4.21129e-02 -1.02061e-04 -3.56443e-02 -5.95474e-02 -1.04567e-03 -2.15132e-06 -1.52724e-06 -8.18067e-10 -2.79459e-06  3.96797e-06  6.96784e-08
  59	  1      7.6231256509e-01    4.5165115484e+01     8.14214e+00 -6.95219e-02  6.40660e+00 -5.47029e-02 -1.63179e-03 -5.77644e+00 -1.28397e-03 -4.54516e+00  4.43938e-05 -6.24500e-02  3.49310e-05 -4.91384e-02 -8.80150e-02  7.51516e-04 -1.22884e-06  1.11565e-06 -5.10656e-09 -2.74614e-06  3.87676e-06 -3.31019e-08
  59	  2      7.6229707296e-01    4.5165119766e+01     8.14671e+00 -8.93388e-02  6.35317e+00 -6.96705e-02 -2.16809e-02 -5.78861e+00 -1.69078e-02 -4.51422e+00 -1.70815e-04 -6.21790e-02 -1.33209e-04 -4.84900e-02 -8.75055e-02  9.59607e-04  1.21434e-06 -1.21996e-06 -6.93620e-09 -2.74684e-06  3.87894e-06 -4.25376e-08
  59	  3      7.6229906699e-01    4.5165112966e+01     8.19597e+00  6.30605e-02  6.66836e+00  5.13069e-02  1.25294e-05 -5.75394e+00  1.01941e-05 -4.68149e+00  6.25789e-05 -6.13298e-02  5.09151e-05 -4.98988e-02 -8.73495e-02 -6.72077e-04  1.84711e-06  6.87961e-07 -6.59255e-09 -2.73491e-06  3.90240e-06  3.00253e-08
  59	  4      7.6230157874e-01    4.5165118343e+01     8.34337e+00  1.45159e-01  6.82269e+00  1.18702e-01 -3.28798e-02 -5.89707e+00 -2.68871e-02 -4.82226e+00 -2.83897e-04 -6.23177e-02 -2.32154e-04 -5.09596e-02 -8.81688e-02 -1.53397e-03 -2.20106e-06 -1.52784e-06 -1.09713e-09 -2.79650e-06  3.97259e-06  6.91154e-08
  60	  1      5.8871605092e-01    4.5202995379e+01     8.11481e+00 -5.02202e-02  1.65422e+00 -1.02375e-02 -7.77756e-05 -5.76505e+00 -1.58547e-05 -1.17521e+00  6.26476e-05  6.08490e-02  1.27708e-05  1.24042e-02  8.56413e-02 -5.30004e-04 -9.07388e-07  1.10918e-06  1.41930e-09 -2.72870e-06  3.86376e-06 -2.39114e-08
  60	  2      5.8870963824e-01    4.5202987490e+01     8.19551e+00 -7.82773e-02  1.70708e+00 -1.63047e-02  2.23566e-02 -5.80387e+00  4.65674e-03 -1.20891e+00 -1.72360e-04  6.09551e-02 -3.59017e-05  1.26966e-02  8.60567e-02 -8.21944e-04  1.54257e-06 -1.22357e-06  6.03600e-09 -2.74322e-06  3.90219e-06 -3.72705e-08
  60	  3      5.8871281084e-01    4.5202991266e+01     8.26344e+00  7.61419e-02  1.53462e+00  1.41404e-02  2.37933e-03 -5.77481e+00  4.41869e-04 -1.07245e+00  3.81367e-05  6.02435e-02  7.08242e-06  1.11879e-02  8.61951e-02  7.94232e-04  2.17198e-06  6.91775e-07  6.42277e-09 -2.73521e-06  3.93455e-06  3.62544e-08
  60	  4      5.8869911118e-01    4.5202989269e+01     8.28549e+00  1.63247e-01  1.46961e+00  2.89554e-02  2.84899e-02 -5.87585e+00  5.05330e-03 -1.04221e+00 -2.30791e-04  6.06201e-02 -4.09357e-05  1.07523e-02  8.54612e-02  1.68382e-03 -1.86862e-06 -1.52882e-06  5.96229e-09 -2.78322e-06  3.94505e-06  7.77286e-08
  61	  1      6.5436026599e-01    4.5203609747e+01     8.12543e+00 -5.53758e-02  1.52005e+00 -1.03593e-02  1.52299e-03 -5.76905e+00  2.84910e-04 -1.07923e+00  5.81433e-05  1.42576e-02  1.08770e-05  2.66722e-03  2.00817e-02 -1.36858e-04 -1.02006e-06  1.11048e-06 -3.17006e-10 -2.73927e-06  3.86923e-06 -2.63691e-08
  61	  3      6.5435047129e-01    4.5203610291e+01     8.24078e+00  7.08438e-02  1.52494e+00  1.31095e-02  7.21710e-04 -5.76751e+00  1.33551e-04 -1.06727e+00  6.10018e-05  1.42740e-02  1.12883e-05  2.64137e-03  2.03941e-02  1.75324e-04  2.05790e-06  6.89445e-07  8.79150e-10 -2.73474e-06  3.92416e-06  3.37350e-08
  62	  1      6.3339007325e-01    4.5208700316e+01     8.12321e+00 -5.29765e-02  8.70471e-01 -5.67688e-03  1.79085e-03 -5.76825e+00  1.91904e-04 -6.18118e-01  5.28301e-05  2.91866e-02  5.66119e-06  3.12759e-03  4.11019e-02 -2.68049e-04 -9.80801e-07  1.10973e-06  7.05188e-10 -2.73059e-06  3.86810e-06 -2.52261e-08
  62	  2      6.3337551544e-01    4.5208703407e+01     8.18662e+00 -8.08342e-02  9.17598e-01 -9.06031e-03  1.22457e-02 -5.80123e+00  1.37256e-03 -6.50231e-01  7.14651e-07  2.92097e-02  8.01017e-08  3.27397e-03  4.12124e-02 -4.06927e-04  1.46689e-06 -1.22372e-06  2.68596e-09 -2.75052e-06  3.89829e-06 -3.84913e-08
  62	  3      6.3337521585e-01    4.5208699573e+01     8.25010e+00  7.24228e-02  8.27573e-01  7.26478e-03  9.88876e-04 -5.77063e+00  9.91949e-05 -5.78856e-01  5.79106e-05  2.88729e-02  5.80905e-06  2.89626e-03  4.12769e-02  3.62347e-04  2.09732e-06  6.89912e-07  2.80042e-09 -2.73475e-06  3.92852e-06  3.44864e-08
  62	  4      6.3337908086e-01    4.5208706330e+01     8.30128e+00  1.61826e-01  8.58007e-01  1.67261e-02  1.80653e-02 -5.88169e+00  1.86720e-03 -6.07922e-01 -2.60619e-05  2.90784e-02 -2.69372e-06  3.00550e-03  4.10299e-02  7.99844e-04 -1.94520e-06 -1.53021e-06  5.98136e-09 -2.79400e-06  3.95289e-06  7.70583e-08
  63	  1      6.2057242366e-01    4.5214579232e+01     8.12067e+00 -5.11286e-02  1.30035e-01 -8.18714e-04  2.35485e-03 -5.76664e+00  3.77078e-05 -9.23403e-02  4.62607e-05  3.82294e-02  7.40765e-07  6.12161e-04  5.38334e-02 -3.38938e-04 -9.55381e-07  1.10907e-06  1.39911e-09 -2.73723e-06  3.86682e-06 -2.43457e-08
  63	  3      6.2055821324e-01    4.5214573574e+01     8.25510e+00  7.33167e-02  4.57739e-02  4.06536e-04  9.99306e-04 -5.77158e+00  5.54108e-06 -3.20030e-02  5.63254e-05  3.79406e-02  3.12320e-07  2.10378e-04  5.42634e-02  4.81936e-04  2.12334e-06  6.90046e-07  3.93776e-09 -2.73467e-06  3.93083e-06  3.49114e-08
  64	  1      6.1164173886e-01    4.5208124765e+01     8.11897e+00 -5.13241e-02  9.70258e-01 -6.13349e-03  1.20419e-03 -5.76644e+00  1.43907e-04 -6.89120e-01  5.25483e-05  4.45840e-02  6.27979e-06  5.32802e-03  6.27697e-02 -3.96796e-04 -9.43797e-07  1.10931e-06  1.17155e-09 -2.73706e-06  3.86594e-06 -2.44383e-08
  64	  2      6.1163027164e-01    4.5208122732e+01     8.19112e+00 -7.95428e-02  1.01275e+00 -9.83471e-03  1.73549e-02 -5.80240e+00  2.14577e-03 -7.17411e-01 -7.12377e-05  4.46818e-02 -8.80786e-06  5.52447e-03  6.30655e-02 -6.12418e-04  1.50507e-06 -1.22378e-06  4.27868e-09 -2.74290e-06  3.90030e-06 -3.78750e-08
  64	  3      6.1163000242e-01    4.5208118174e+01     8.25682e+00  7.41810e-02  8.84159e-01  7.94348e-03  1.55264e-03 -5.77254e+00  1.66260e-04 -6.18137e-01  5.10295e-05  4.41721e-02  5.46436e-06  4.73005e-03  6.31775e-02  5.67603e-04  2.13502e-06  6.90695e-07  4.54449e-09 -2.72744e-06  3.93159e-06  3.53225e-08
  64	  4      6.1162928128e-01    4.5208128652e+01     8.29336e+00  1.62979e-01  8.66455e-01  1.70273e-02  2.39116e-02 -5.87860e+00  2.49818e-03 -6.14171e-01 -1.17406e-04  4.43999e-02 -1.22660e-05  4.63872e-03  6.26249e-02  1.23069e-03 -1.90670e-06 -1.52974e-06  6.25676e-09 -2.79246e-06  3.94899e-06  7.76046e-08
  65	  1      6.1307241647e-01    4.5208238451e+01     8.11909e+00 -5.14228e-02  9.55524e-01 -6.05187e-03  1.25323e-03 -5.76644e+00  1.47491e-04 -6.78645e-01  5.23924e-05  4.35625e-02  6.16599e-06  5.12681e-03  6.13326e-02 -3.88451e-04 -9.46210e-07  1.10933e-06  1.12924e-09 -2.72965e-06  3.86601e-06 -2.44854e-08
  65	  2      6.1306292856e-01    4.5208236533e+01     8.19067e+00 -7.96246e-02  9.94853e-01 -9.67133e-03  1.70274e-02 -5.80221e+00  2.06817e-03 -7.04746e-01 -6.57635e-05  4.36737e-02 -7.98774e-06  5.30468e-03  6.16414e-02 -5.99236e-04  1.50263e-06 -1.22378e-06  4.16912e-09 -2.75042e-06  3.90010e-06 -3.79141e-08
  65	  3      6.1306276285e-01    4.5208232255e+01     8.25623e+00  7.40621e-02  8.71469e-01  7.81747e-03  1.51034e-03 -5.77230e+00  1.59421e-04 -6.09283e-01  5.16049e-05  4.31803e-02  5.44705e-06  4.55780e-03  6.17573e-02  5.53994e-04  2.13262e-06  6.90637e-07  4.41345e-09 -2.72743e-06  3.93132e-06  3.52659e-08
  65	  4      6.1305827458e-01    4.5208243370e+01     8.29372e+00  1.62919e-01  8.53726e-01  1.67703e-02  2.35564e-02 -5.87868e+00  2.42482e-03 -6.05131e-01 -1.10619e-04  4.33767e-02 -1.13868e-05  4.46504e-03  6.11833e-02  1.20187e-03 -1.90920e-06 -1.52978e-06  6.20164e-09 -2.78493e-06  3.94917e-06  7.75766e-08
  66	  1      6.4845664773e-01    4.5203933316e+01     8.12440e+00 -5.48582e-02  1.48393e+00 -1.00199e-02  1.43410e-03 -5.76863e+00  2.61939e-04 -1.05365e+00  5.73149e-05  1.84443e-02  1.04686e-05  3.36888e-03  2.59769e-02 -1.75402e-04 -1.00971e-06  1.11033e-06 -1.53936e-10 -2.73897e-06  3.86872e-06 -2.61225e-08
  66	  2      6.4844351338e-01    4.5203933660e+01     8.18098e+00 -8.18141e-02  1.50632e+00 -1.50640e-02  8.30696e-03 -5.79920e+00  1.52952e-03 -1.06778e+00  3.57000e-05  1.85908e-02  6.57326e-06  3.42303e-03  2.62190e-02 -2.62203e-04  1.43769e-06 -1.22331e-06  1.41198e-09 -2.74349e-06  3.89566e-06 -3.89586e-08
  66	  3      6.4844462319e-01    4.5203929180e+01     8.24280e+00  7.13102e-02  1.47715e+00  1.27792e-02  8.51292e-04 -5.76813e+00  1.52556e-04 -1.03368e+00  6.00838e-05  1.84164e-02  1.07673e-05  3.30033e-03  2.63165e-02  2.27671e-04  2.06840e-06  6.89629e-07  1.36545e-09 -2.72730e-06  3.92510e-06  3.39571e-08
  66	  4      6.4844467997e-01    4.5203937052e+01     8.30516e+00  1.59953e-01  1.50215e+00  2.89305e-02  1.22417e-02 -5.88292e+00  2.21415e-03 -1.06404e+00  2.51440e-05  1.83272e-02  4.54777e-06  3.31482e-03  2.58634e-02  4.98115e-04 -1.97502e-06 -1.53000e-06  4.91679e-09 -2.78742e-06  3.95480e-06  7.61673e-08
  67	  1      6.9501951978e-01    4.5206471009e+01     8.13294e+00 -5.82263e-02  1.11182e+00 -7.95987e-03  2.88207e-03 -5.77157e+00  3.93995e-04 -7.89006e-01  6.92509e-05 -1.45909e-02  9.46699e-06 -1.99466e-03 -2.05598e-02  1.47194e-04 -1.08835e-06  1.11120e-06 -1.13861e-09 -2.73359e-06  3.87280e-06 -2.77266e-08
  67	  2      6.9500462926e-01    4.5206472259e+01     8.17100e+00 -8.45364e-02  1.11751e+00 -1.15616e-02 -2.48416e-03 -5.79582e+00 -3.39747e-04 -7.92664e-01  5.60624e-05 -1.44479e-02  7.66737e-06 -1.97596e-03 -2.03755e-02  2.10803e-04  1.35698e-06 -1.22317e-06 -2.08898e-09 -2.74354e-06  3.89093e-06 -4.02552e-08
  67	  3      6.9500384011e-01    4.5206468283e+01     8.22812e+00  6.75274e-02  1.19080e+00  9.77283e-03 -4.31432e-04 -5.76318e+00 -6.24385e-05 -8.34070e-01  6.16260e-05 -1.42122e-02  8.91876e-06 -2.05685e-03 -2.02914e-02 -1.66531e-04  1.98872e-06  6.87946e-07 -2.44295e-09 -2.72690e-06  3.91813e-06  3.21557e-08
  67	  4      6.9500745216e-01    4.5206474685e+01     8.32152e+00  1.57766e-01  1.29536e+00  2.45585e-02  1.75023e-04 -5.88857e+00  2.72449e-05 -9.16641e-01  6.38364e-05 -1.46084e-02  9.93705e-06 -2.27400e-03 -2.06535e-02 -3.91566e-04 -2.05689e-06 -1.53105e-06  4.47742e-09 -2.79068e-06  3.96260e-06  7.51262e-08
  68	  3      7.3651436766e-01    4.5215274919e+01     8.21629e+00  6.40176e-02  8.16317e-02  6.36037e-04 -1.92302e-03 -5.75838e+00 -1.91059e-05 -5.72114e-02  4.81716e-05 -4.32065e-02  4.78601e-07 -4.29272e-04 -6.16461e-02 -4.80321e-04  1.92175e-06  6.86159e-07 -5.71426e-09 -2.72635e-06  3.91230e-06  3.04828e-08
  68	  4      7.3652174690e-01    4.5215283355e+01     8.33603e+00  1.57190e-01  2.47188e-01  4.66116e-03 -8.32825e-03 -5.89284e+00 -2.46958e-04 -1.74740e-01  1.23579e-06 -4.40643e-02  3.66449e-08 -1.30664e-03 -6.23395e-02 -1.17552e-03 -2.12630e-06 -1.53258e-06  5.00076e-09 -2.80125e-06  3.96931e-06  7.48482e-08
  69	  1      7.1041626841e-01    4.5204833707e+01     8.13523e+00 -5.96938e-02  1.31358e+00 -9.63862e-03  2.99787e-03 -5.77227e+00  4.84058e-04 -9.32034e-01  7.52478e-05 -2.55409e-02  1.21501e-05 -4.12403e-03 -3.59951e-02  2.64120e-04 -1.11590e-06  1.11165e-06 -1.67880e-09 -2.73438e-06  3.87384e-06 -2.84251e-08
  69	  3      7.1039980631e-01    4.5204831937e+01     8.22231e+00  6.63319e-02  1.42350e+00  1.14838e-02 -7.31705e-04 -5.76113e+00 -1.26678e-04 -9.97407e-01  5.94780e-05 -2.49546e-02  1.02972e-05 -4.32030e-03 -3.56153e-02 -2.87321e-04  1.96100e-06  6.87528e-07 -3.76518e-09 -2.72683e-06  3.91531e-06  3.15860e-08
  69	  4      7.1040389120e-01    4.5204836723e+01     8.32647e+00  1.56528e-01  1.54116e+00  2.89720e-02 -4.66953e-03 -5.89015e+00 -8.64293e-04 -1.09022e+00  4.31878e-05 -2.55452e-02  7.99371e-06 -4.72821e-03 -3.61203e-02 -6.79019e-04 -2.08545e-06 -1.53112e-06  3.95667e-09 -2.79942e-06  3.96491e-06  7.45355e-08
  70	  1      7.1295255898e-01    4.5212905967e+01     8.13631e+00 -5.87579e-02  2.66049e-01 -1.92132e-03  4.23462e-03 -5.77220e+00  1.38468e-04 -1.88745e-01  8.20450e-05 -2.73363e-02  2.68279e-06 -8.93869e-04 -3.85309e-02  2.78257e-04 -1.11548e-06  1.11117e-06 -1.14059e-09 -2.73417e-06  3.87435e-06 -2.79794e-08
  70	  2      7.1293585363e-01    4.5212907747e+01     8.16805e+00 -8.54716e-02  2.55080e-01 -2.66919e-03 -6.18165e-03 -5.79436e+00 -1.93046e-04 -1.80952e-01  3.32877e-05 -2.71326e-02  1.03954e-06 -8.47321e-04 -3.82536e-02  4.00291e-04  1.32919e-06 -1.22344e-06 -3.46068e-09 -2.75056e-06  3.88946e-06 -4.06999e-08
  70	  3      7.1293513620e-01    4.5212903964e+01     8.22349e+00  6.59504e-02  3.67017e-01  2.94339e-03 -1.21194e-03 -5.76111e+00 -5.40892e-05 -2.57120e-01  5.70349e-05 -2.67244e-02  2.54549e-06 -1.19272e-03 -3.81467e-02 -3.05928e-04  1.96137e-06  6.87031e-07 -3.83121e-09 -2.72658e-06  3.91587e-06  3.14043e-08
  70	  4      7.1294019185e-01    4.5212909391e+01     8.32773e+00  1.58067e-01  5.00106e-01  9.49240e-03 -2.58437e-03 -5.89027e+00 -1.55199e-04 -3.53729e-01  5.14482e-05 -2.73474e-02  3.08963e-06 -1.64230e-03 -3.86728e-02 -7.34041e-04 -2.08539e-06 -1.53197e-06  5.06892e-09 -2.79959e-06  3.96550e-06  7.52682e-08
  71	  1      7.4730985224e-01    4.5209343367e+01     8.14216e+00 -6.20206e-02  6.98616e-01 -5.32151e-03  4.51044e-03 -5.77410e+00  3.87006e-04 -4.95431e-01  1.02454e-04 -5.17440e-02  8.79080e-06 -4.43976e-03 -7.29586e-02  5.55740e-04 -1.17683e-06  1.11222e-06 -2.27852e-09 -2.73593e-06  3.87691e-06 -2.95314e-08
  71	  2      7.4729554427e-01    4.5209344772e+01     8.15942e+00 -8.75788e-02  6.64480e-01 -7.13217e-03 -1.45648e-02 -5.79124e+00 -1.18611e-03 -4.71622e-01 -6.72823e-05 -5.14721e-02 -5.47928e-06 -4.19174e-03 -7.25215e-02  7.78405e-04  1.26658e-06 -1.22293e-06 -6.05831e-09 -2.74355e-06  3.88513e-06 -4.17010e-08
  71	  3      7.4729370840e-01    4.5209340878e+01     8.21127e+00  6.32921e-02  8.71212e-01  6.71525e-03 -1.88284e-03 -5.75687e+00 -1.99768e-04 -6.10801e-01  4.59650e-05 -5.07447e-02  4.87686e-06 -5.38399e-03 -7.23744e-02 -5.57860e-04  1.89948e-06  6.86127e-07 -6.74654e-09 -2.72644e-06  3.90983e-06  3.01366e-08
  71	  4      7.4729654637e-01    4.5209346041e+01     8.33952e+00  1.55324e-01  1.04232e+00  1.94133e-02 -1.33780e-02 -5.89414e+00 -1.67206e-03 -7.36684e-01 -5.38124e-05 -5.17024e-02 -6.72578e-06 -6.46206e-03 -7.31567e-02 -1.36255e-03 -2.14901e-06 -1.53214e-06  3.93724e-09 -2.80199e-06  3.97090e-06  7.39579e-08
  72	  4      7.2925327209e-01    4.5215969522e+01     8.33355e+00  1.57756e-01  1.41607e-01  2.68066e-03 -6.06809e-03 -5.89204e+00 -1.03111e-04 -1.00120e-01  2.34186e-05 -3.89101e-02  3.97938e-07 -6.61176e-04 -5.50406e-02 -1.04193e-03 -2.11287e-06 -1.53254e-06  5.21389e-09 -2.79309e-06  3.96818e-06  7.51186e-08
  73	  4      7.2896356151e-01    4.5216056555e+01     8.33332e+00  1.57792e-01  1.27879e-01  2.42139e-03 -5.95552e-03 -5.89191e+00 -9.13903e-05 -9.04143e-02  2.43559e-05 -3.87178e-02  3.73752e-07 -5.94143e-04 -5.47684e-02 -1.03704e-03 -2.11232e-06 -1.53254e-06  5.24769e-09 -2.80073e-06  3.96808e-06  7.51355e-08
  74	  1      7.6515355926e-01    4.5207820060e+01     8.14601e+00 -6.36692e-02  8.73746e-01 -6.82920e-03  4.70470e-03 -5.77556e+00  5.04629e-04 -6.19490e-01  1.14512e-04 -6.43858e-02  1.22827e-05 -6.90607e-03 -9.07996e-02  7.09688e-04 -1.20839e-06  1.11278e-06 -2.73898e-09 -2.73683e-06  3.87857e-06 -3.03150e-08
  74	  2      7.6514775199e-01    4.5207821085e+01     8.15581e+00 -8.86751e-02  8.41432e-01 -9.14858e-03 -1.89023e-02 -5.79010e+00 -1.95014e-03 -5.97363e-01 -1.47332e-04 -6.41658e-02 -1.52002e-05 -6.61997e-03 -9.03783e-02  9.82650e-04  1.23414e-06 -1.22268e-06 -7.32285e-09 -2.74381e-06  3.88324e-06 -4.22212e-08
  74	  3      7.6514541544e-01    4.5207817625e+01     8.20580e+00  6.19115e-02  1.08507e+00  8.18669e-03 -2.24360e-03 -5.75515e+00 -2.96676e-04 -7.61016e-01  3.78452e-05 -6.32933e-02  5.00435e-06 -8.36941e-03 -9.02345e-02 -6.80808e-04  1.86741e-06  6.85663e-07 -8.18188e-09 -2.73383e-06  3.90705e-06  2.94780e-08
  74	  4      7.6514806597e-01    4.5207824572e+01     8.34646e+00  1.53965e-01  1.29022e+00  2.38003e-02 -1.88861e-02 -5.89663e+00 -2.91945e-03 -9.11515e-01 -1.42326e-04 -6.42905e-02 -2.20011e-05 -9.93818e-03 -9.09997e-02 -1.67865e-03 -2.18178e-06 -1.53226e-06  3.47782e-09 -2.79560e-06  3.97403e-06  7.33079e-08
