         1          1     320.46     209.20     0.30     0.30        1
         1          2     456.06     336.12     0.30     0.30        1
         2          1    2738.85    7218.92     0.30     0.30        1
         2          2    2833.68    7283.57     0.30     0.30        1
         2          3    2453.37    7385.98     0.30     0.30        1
         2          4    2393.69    7595.18     0.30     0.30        1
         3          1     960.44   13881.44     0.30     0.30        1
         3          4     944.87   14103.71     0.30     0.30        1
         4          1    1621.44   16295.99     0.30     0.30        1
         4          4    1605.37   16484.54     0.30     0.30        1
         5          1    2975.72   19735.39     0.30     0.30        1
         5          3    2966.40   19739.96     0.30     0.30        1
         6          1    2820.53   27753.81     0.30     0.30        1
         6          2    2810.30   27671.33     0.30     0.30        1
         6          3    2978.63   27618.79     0.30     0.30        1
         6          4    3206.00   27683.54     0.30     0.30        1
         7          1    3641.66   32489.57     0.30     0.30        1
         7          2    3602.30   32382.89     0.30     0.30        1
         7          3    3904.18   32297.70     0.30     0.30        1
         7          4    4176.88   32312.00     0.30     0.30        1
         8          1    3402.05   37359.44     0.30     0.30        1
         8          2    3344.14   37236.72     0.30     0.30        1
         8          3    3772.54   37119.72     0.30     0.30        1
         8          4    4118.17   37069.29     0.30     0.30        1
         9          1    1761.97   44051.05     0.30     0.30        1
         9          2    1655.15   43893.53     0.30     0.30        1
         9          3    2266.30   43728.51     0.30     0.30        1
         9          4    2730.62   43612.04     0.30     0.30        1
        10          1    4498.85      67.32     0.30     0.30        1
        10          4    3846.08     594.31     0.30     0.30        1
        11          1    7105.29    6833.72     0.30     0.30        1
        11          2    7228.82    6933.64     0.30     0.30        1
        11          3    6824.21    7047.87     0.30     0.30        1
        11          4    6714.64    7199.00     0.30     0.30        1
        12          1    6490.28   11291.24     0.30     0.30        1
        12          2    6613.48   11368.11     0.30     0.30        1
        12          3    6309.70   11450.83     0.30     0.30        1
        12          4    6290.76   11557.12     0.30     0.30        1
        13          1    7474.41   14595.88     0.30     0.30        1
        13          2    7582.56   14650.63     0.30     0.30        1
        13          3    7369.04   14708.68     0.30     0.30        1
        13          4    7378.51   14788.32     0.30     0.30        1
        14          1    6985.21   20563.93     0.30     0.30        1
        14          2    7055.21   20567.67     0.30     0.30        1
        14          3    7007.72   20579.65     0.30     0.30        1
        14          4    7099.35   20630.81     0.30     0.30        1
        15          1    6497.17   25484.65     0.30     0.30        1
        15          3    6629.19   25447.78     0.30     0.30        1
        16          1    7358.84   28217.56     0.30     0.30        1
        16          3    7550.29   28139.79     0.30     0.30        1
        17          1    7410.17   31688.16     0.30     0.30        1
        17          2    7433.02   31640.68     0.30     0.30        1
        17          3    7679.55   31574.79     0.30     0.30        1
        17          4    7919.37   31503.14     0.30     0.30        1
        18          1    6867.92   43098.44     0.30     0.30        1
        18          2    6796.05   42981.81     0.30     0.30        1
        18          3    7378.24   42832.51     0.30     0.30        1
        18          4    7747.03   42661.25     0.30     0.30        1
        19          1   11355.65    2113.07     0.30     0.30        1
        19          4   10689.24    2578.69     0.30     0.30        1
        20          1   10690.34    7380.48     0.30     0.30        1
        20          2   10815.01    7490.05     0.30     0.30        1
        20          3   10429.07    7604.01     0.30     0.30        1
        20          4   10272.99    7724.02     0.30     0.30        1
        21          1    8812.93   10962.60     0.30     0.30        1
        21          2    8932.89   11044.56     0.30     0.30        1
        21          3    8629.40   11130.70     0.30     0.30        1
        21          4    8562.77   11231.36     0.30     0.30        1
        22          1    9201.21   12890.00     0.30     0.30        1
        22          2    9306.71   12954.74     0.30     0.30        1
        22          3    9059.27   13026.44     0.30     0.30        1
        22          4    9008.75   13117.14     0.30     0.30        1
        23          1    8764.61   18061.92     0.30     0.30        1
        23          2    8846.04   18089.30     0.30     0.30        1
        23          3    8735.48   18121.05     0.30     0.30        1
        23          4    8762.26   18179.85     0.30     0.30        1
        24          1    8374.33   20337.16     0.30     0.30        1
        24          4    8461.27   20401.78     0.30     0.30        1
        25          1   10693.21   23791.61     0.30     0.30        1
        25          2   10677.77   23735.45     0.30     0.30        1
        25          3   10783.91   23713.79     0.30     0.30        1
        25          4   10786.06   23798.09     0.30     0.30        1
        26          1    8403.21   31163.28     0.30     0.30        1
        26          2    8422.93   31116.70     0.30     0.30        1
        26          3    8662.69   31053.83     0.30     0.30        1
        26          4    8871.66   30989.17     0.30     0.30        1
        27          1    7889.33   33048.80     0.30     0.30        1
        27          3    8151.79   32951.57     0.30     0.30        0
        28          1    8652.77   45158.40     0.30     0.30        1
        28          4    9615.08   44657.88     0.30     0.30        1
        29          1   14800.18    1499.43     0.30     0.30        1
        29          4   14084.08    1964.79     0.30     0.30        1
        30          1   11705.18   11027.02     0.30     0.30        1
        30          2   11803.64   11101.21     0.30     0.30        1
        30          3   11524.64   11185.43     0.30     0.30        1
        30          4   11392.72   11293.69     0.30     0.30        1
        31          1   14070.68   18969.88     0.30     0.30        1
        31          2   14056.29   18936.60     0.30     0.30        1
        31          3   14058.70   18949.28     0.30     0.30        1
        31          4   13918.98   19081.33     0.30     0.30        1
        32          1   12194.41   20563.48     0.30     0.30        1
        32          2   12200.89   20535.44     0.30     0.30        1
        32          3   12218.11   20540.14     0.30     0.30        1
        32          4   12158.66   20635.74     0.30     0.30        1
        33          1   13352.21   25840.20     0.30     0.30        1
        33          3   13491.25   25721.04     0.30     0.30        1
        34          1   11593.68   32905.80     0.30     0.30        1
        34          3   11901.70   32774.97     0.30     0.30        1
        35          1   18297.69    1856.81     0.30     0.30        1
        35          2   18408.20    2005.41     0.30     0.30        1
        35          3   17918.14    2162.99     0.30     0.30        1
        35          4   17539.86    2309.17     0.30     0.30        1
        36          1   17267.10    6106.56     0.30     0.30        1
        36          2   17352.79    6207.76     0.30     0.30        1
        36          3   16981.16    6331.75     0.30     0.30        1
        36          4   16664.52    6474.56     0.30     0.30        1
        37          1   15935.57    8257.52     0.30     0.30        1
        37          2   16019.08    8344.02     0.30     0.30        1
        37          3   15696.70    8448.95     0.30     0.30        1
        37          4   15435.66    8580.72     0.30     0.30        1
        38          1   15296.43   15230.34     0.30     0.30        1
        38          2   15291.15   15218.66     0.30     0.30        1
        38          3   15202.85   15257.94     0.30     0.30        1
        38          4   14985.51   15423.87     0.30     0.30        1
        39          1   16959.33   18018.60     0.30     0.30        1
        39          2   16922.06   17979.22     0.30     0.30        1
        39          3   16927.65   17997.04     0.30     0.30        1
        39          4   16702.54   18152.47     0.30     0.30        1
        40          1   15330.79   19668.90     0.30     0.30        1
        40          2   15298.03   19622.96     0.30     0.30        1
        40          3   15335.38   19628.37     0.30     0.30        1
        40          4   15167.74   19767.27     0.30     0.30        1
        41          1   17473.30   27043.21     0.30     0.30        1
        41          2   17389.27   26947.81     0.30     0.30        1
        41          3   17648.34   26898.23     0.30     0.30        1
        41          4   17515.41   26978.08     0.30     0.30        1
        42          1   15508.37   28110.64     0.30     0.30        1
        42          2   15428.49   28011.71     0.30     0.30        1
        42          3   15702.48   27955.07     0.30     0.30        1
        42          4   15628.49   28023.01     0.30     0.30        1
        43          1   18839.92   32985.20     0.30     0.30        1
        43          2   18745.17   32879.61     0.30     0.30        1
        43          3   19158.04   32793.98     0.30     0.30        1
        43          4   19086.43   32778.58     0.30     0.30        1
        44          1   17913.00   35186.72     0.30     0.30        1
        44          3   18278.34   34968.50     0.30     0.30        1
        45          1   15464.64   40515.16     0.30     0.30        1
        45          2   15350.37   40388.40     0.30     0.30        1
        45          3   15943.11   40252.76     0.30     0.30        1
        45          4   16044.61   40136.34     0.30     0.30        1
        46          1   17050.12   45073.27     0.30     0.30        1
        46          2   16904.11   44935.67     0.30     0.30        1
        46          3   17638.86   44767.37     0.30     0.30        1
        47          2    2834.34    7283.61     0.30     0.30        1
        47          3    2454.19    7385.81     0.30     0.30        1
        47          4    2394.34    7595.02     0.30     0.30        1
        48          2    3169.86    7940.22     0.30     0.30        1
        48          3    2812.83    8035.97     0.30     0.30        1
        48          4    2751.07    8249.03     0.30     0.30        1
        49          2    2975.69   15513.68     0.30     0.30        1
        49          3    2835.60   15546.95     0.30     0.30        1
        49          4    2869.65   15739.96     0.30     0.30        1
        50          2    1081.49   16818.20     0.30     0.30        1
        50          3     961.43   16842.07     0.30     0.30        1
        51          2    2984.97   19805.45     0.30     0.30        1
        51          3    2911.25   19818.20     0.30     0.30        1
        51          4    3060.28   19905.88     0.30     0.30        1
        52          2    1512.25   24647.17     0.30     0.30        1
        52          3    1588.40   24617.12     0.30     0.30        1
        52          4    1805.85   24707.88     0.30     0.30        1
        53          2    2810.53   27671.36     0.30     0.30        1
        53          3    2979.00   27618.89     0.30     0.30        1
        53          4    3206.32   27683.31     0.30     0.30        1
        54          2     715.69   33289.76     0.30     0.30        1
        54          3    1023.24   33197.66     0.30     0.30        1
        54          4    1377.10   33206.52     0.30     0.30        1
        55          2    3339.89   37250.80     0.30     0.30        1
        55          3    3768.15   37133.21     0.30     0.30        1
        55          4    4115.56   37082.52     0.30     0.30        1
        56          2    2552.41   42345.87     0.30     0.30        1
        56          3    3125.43   42191.74     0.30     0.30        1
        57          2     689.49   43654.47     0.30     0.30        1
        57          3    1300.25   43488.09     0.30     0.30        1
        58          2    4640.72     169.79     0.30     0.30        1
        58          3    4091.97     327.41     0.30     0.30        1
        59          2    7482.98    7547.09     0.30     0.30        1
        59          3    7126.13    7649.44     0.30     0.30        1
        59          4    6986.78    7841.29     0.30     0.30        1
        60          2    7304.90    9452.09     0.30     0.30        1
        60          3    6971.57    9545.75     0.30     0.30        1
        60          4    6891.90    9688.40     0.30     0.30        1
        61          2    5985.02   15247.97     0.30     0.30        1
        61          3    5814.19   15293.18     0.30     0.30        1
        61          4    5826.47   15423.18     0.30     0.30        1
        62          2    4063.85   16586.28     0.30     0.30        1
        62          3    3947.94   16614.02     0.30     0.30        1
        62          4    3985.68   16780.90     0.30     0.30        1
        63          2    6178.61   20766.05     0.30     0.30        1
        63          3    6132.55   20775.21     0.30     0.30        1
        63          4    6243.90   20826.85     0.30     0.30        1
        64          2    7020.93   26418.24     0.30     0.30        1
        64          3    7123.40   26388.47     0.30     0.30        1
        64          4    7302.98   26374.31     0.30     0.30        1
        65          2    6249.37   30665.77     0.30     0.30        1
        65          3    6457.56   30607.80     0.30     0.30        1
        65          4    6717.19   30543.23     0.30     0.30        1
        66          2    6993.97   33600.68     0.30     0.30        1
        66          3    7300.56   33519.92     0.30     0.30        1
        66          4    7566.74   33439.14     0.30     0.30        1
        67          2    7354.07   38457.71     0.30     0.30        1
        67          3    7839.92   38333.84     0.30     0.30        1
        67          4    8111.52   38254.78     0.30     0.30        1
        68          2    5866.85   41005.68     0.30     0.30        1
        68          3    6411.57   40864.28     0.30     0.30        1
        68          4    6751.79   40755.92     0.30     0.30        1
        69          2    7418.18   45280.08     0.30     0.30        1
        69          3    8068.22   45116.57     0.30     0.30        1
        69          4    8450.65   44911.47     0.30     0.30        1
        70          2   10067.85    1375.28     0.30     0.30        1
        70          3    9560.44    1527.84     0.30     0.30        1
        70          4    9282.37    1743.56     0.30     0.30        1
        71          2   10795.57    7481.28     0.30     0.30        1
        71          3   10409.26    7595.56     0.30     0.30        1
        71          4   10255.14    7716.91     0.30     0.30        1
        72          2   10379.01   11380.72     0.30     0.30        1
        72          3   10094.84   11463.84     0.30     0.30        1
        72          4   10000.98   11564.75     0.30     0.30        1
        73          2   10881.30   13248.85     0.30     0.30        1
        73          3   10651.28   13317.49     0.30     0.30        1
        73          4   10570.75   13407.13     0.30     0.30        1
        74          2   10367.09   20885.41     0.30     0.30        1
        74          3   10337.52   20897.24     0.30     0.30        1
        74          4   10372.44   20926.68     0.30     0.30        1
        75          2    9937.02   26326.25     0.30     0.30        1
        75          3   10085.06   26291.36     0.30     0.30        1
        75          4   10164.04   26316.90     0.30     0.30        1
        76          2    8403.85   31138.52     0.30     0.30        1
        76          3    8643.93   31075.26     0.30     0.30        1
        76          4    8853.43   31010.47     0.30     0.30        1
        77          2   10747.50   41804.12     0.30     0.30        1
        77          3   11286.55   41672.64     0.30     0.30        1
        77          4   11586.48   41454.97     0.30     0.30        1
        78          2    8633.73   45809.63     0.30     0.30        1
        78          3    9275.35   45651.08     0.30     0.30        1
        79          2   13538.19    3378.45     0.30     0.30        1
        79          3   13066.84    3523.44     0.30     0.30        1
        80          2   11795.10    6888.20     0.30     0.30        1
        80          3   11397.97    7007.37     0.30     0.30        1
        81          2   15026.56    8852.10     0.30     0.30        1
        81          3   14707.49    8954.05     0.30     0.30        1
        81          4   14478.45    9076.84     0.30     0.30        1
        82          2   14658.17   15473.72     0.30     0.30        1
        82          3   14578.23   15510.54     0.30     0.30        1
        82          4   14372.18   15681.47     0.30     0.30        1
        83          2   11737.45   17726.45     0.30     0.30        1
        83          3   11636.23   17761.30     0.30     0.30        1
        83          4   11593.93   17820.86     0.30     0.30        1
        84          2   13362.42   20075.05     0.30     0.30        1
        84          3   13387.50   20079.93     0.30     0.30        1
        84          4   13282.09   20196.84     0.30     0.30        1
        85          2   12915.97   31706.84     0.30     0.30        1
        85          3   13194.22   31643.51     0.30     0.30        1
        85          4   13313.67   31555.17     0.30     0.30        1
        86          2   11495.65   40393.84     0.30     0.30        1
        86          3   12006.24   40270.12     0.30     0.30        1
        86          4   12263.91   40078.30     0.30     0.30        1
        87          2   11474.49   46017.68     0.30     0.30        1
        87          3   12132.85   45861.86     0.30     0.30        1
        87          4   12470.88   45569.61     0.30     0.30        1
        88          2   16833.34    1499.60     0.30     0.30        1
        88          3   16321.23    1661.81     0.30     0.30        1
        88          4   15967.08    1809.61     0.30     0.30        1
        89          2   17353.81    6208.40     0.30     0.30        1
        89          3   16982.32    6332.48     0.30     0.30        1
        89          4   16665.88    6474.87     0.30     0.30        1
        90          2   16018.26    8344.00     0.30     0.30        1
        90          3   15695.83    8448.98     0.30     0.30        1
        90          4   15435.05    8580.68     0.30     0.30        1
        91          2   15290.04   15217.59     0.30     0.30        1
        91          3   15201.83   15256.81     0.30     0.30        1
        91          4   14984.44   15422.78     0.30     0.30        1
        92          2   17414.20   18032.27     0.30     0.30        1
        92          3   17421.65   18049.85     0.30     0.30        1
        93          2   15299.12   19623.39     0.30     0.30        1
        93          3   15336.59   19628.80     0.30     0.30        1
        93          4   15168.79   19767.56     0.30     0.30        1
        94          2   15316.45   26108.60     0.30     0.30        1
        94          3   15534.86   26065.66     0.30     0.30        1
        94          4   15442.31   26151.10     0.30     0.30        1
        95          2   15429.14   28012.06     0.30     0.30        1
        95          3   15703.45   27955.42     0.30     0.30        1
        95          4   15629.06   28023.24     0.30     0.30        1
        96          2   18745.12   32879.84     0.30     0.30        1
        96          3   19158.03   32794.22     0.30     0.30        1
        96          4   19086.52   32778.84     0.30     0.30        1
        97          2   16187.48   35701.40     0.30     0.30        1
        97          3   16659.02   35595.50     0.30     0.30        1
        97          4   16680.32   35543.97     0.30     0.30        1
        98          2   15350.04   40388.76     0.30     0.30        1
        98          3   15942.74   40253.22     0.30     0.30        1
        98          4   16044.19   40136.81     0.30     0.30        1
        99          3    3625.37     114.68     0.30     0.30        1
        99          4    3425.44     358.13     0.30     0.30        1
       100          3    2453.04    7386.21     0.30     0.30        1
       100          4    2393.39    7595.43     0.30     0.30        1
       101          3    2812.98    8036.09     0.30     0.30        1
       101          4    2751.29    8249.07     0.30     0.30        1
       102          3    1930.95   11729.92     0.30     0.30        1
       102          4    1944.04   11923.23     0.30     0.30        1
       103          3    2058.17   18665.98     0.30     0.30        1
       103          4    2196.69   18780.89     0.30     0.30        1
       104          3    3553.81   20865.45     0.30     0.30        1
       104          4    3708.96   20938.71     0.30     0.30        1
       105          3    1587.89   24617.29     0.30     0.30        1
       105          4    1805.45   24708.09     0.30     0.30        1
       106          3    2979.30   27619.28     0.30     0.30        1
       106          4    3206.70   27683.68     0.30     0.30        1
       107          3    3008.66   32393.99     0.30     0.30        1
       107          4    3293.79   32420.26     0.30     0.30        1
       108          3    1394.70   39058.92     0.30     0.30        1
       108          4    1818.64   39003.16     0.30     0.30        1
       109          3    2266.56   43729.31     0.30     0.30        1
       109          4    2730.84   43612.89     0.30     0.30        1
       110          3    7768.89    7277.52     0.30     0.30        1
       110          4    7618.21    7457.88     0.30     0.30        1
       111          3    7521.85   11090.16     0.30     0.30        1
       111          4    7477.21   11191.19     0.30     0.30        1
       112          3    7365.72   14705.34     0.30     0.30        1
       112          4    7375.43   14785.21     0.30     0.30        1
       113          3    6136.21   20773.84     0.30     0.30        1
       113          4    6248.18   20825.24     0.30     0.30        1
       114          3    7123.45   26388.57     0.30     0.30        1
       114          4    7302.93   26374.32     0.30     0.30        1
       115          3    6457.52   30607.74     0.30     0.30        1
       115          4    6717.30   30543.35     0.30     0.30        1
       116          3    3904.33   32297.48     0.30     0.30        1
       116          4    4177.24   32311.81     0.30     0.30        1
       117          3    6930.29   37931.84     0.30     0.30        1
       117          4    7229.97   37844.88     0.30     0.30        1
       118          3    6411.09   40864.72     0.30     0.30        1
       118          4    6751.28   40756.39     0.30     0.30        1
       119          3    4855.93   45071.59     0.30     0.30        1
       119          4    5285.31   44918.28     0.30     0.30        1
       120          3    9559.98    1529.93     0.30     0.30        1
       120          4    9281.71    1745.82     0.30     0.30        1
       121          3   10095.29   11464.20     0.30     0.30        1
       121          4   10001.10   11565.14     0.30     0.30        1
       122          3   10650.65   13316.97     0.30     0.30        1
       122          4   10570.28   13406.64     0.30     0.30        1
       123          3    9137.57   18230.05     0.30     0.30        1
       123          4    9157.38   18287.00     0.30     0.30        1
       124          3    8133.09   20818.65     0.30     0.30        1
       124          4    8209.26   20857.53     0.30     0.30        1
       125          3    8643.97   31075.25     0.30     0.30        1
       125          4    8853.35   31010.39     0.30     0.30        1
       126          3    8152.97   32949.93     0.30     0.30        1
       126          4    8392.06   32874.22     0.30     0.30        1
       127          3   11287.40   41672.29     0.30     0.30        1
       127          4   11587.35   41454.67     0.30     0.30        1
       128          3    9760.85   44034.48     0.30     0.30        1
       128          4   10133.29   43779.14     0.30     0.30        1
       129          3   12951.54    5425.51     0.30     0.30        1
       129          4   12712.51    5560.31     0.30     0.30        1
       130          3   14282.22    8604.67     0.30     0.30        1
       130          4   14054.82    8732.19     0.30     0.30        1
       131          3   14578.40   15509.95     0.30     0.30        1
       131          4   14372.33   15680.78     0.30     0.30        1
       132          3   14315.70   17490.68     0.30     0.30        1
       132          4   14148.69   17637.36     0.30     0.30        1
       133          3   15336.53   19628.88     0.30     0.30        1
       133          4   15168.61   19767.72     0.30     0.30        1
       134          3   14452.37   27478.40     0.30     0.30        1
       134          4   14400.39   27551.90     0.30     0.30        1
       135          3   12993.16   40312.61     0.30     0.30        1
       135          4   13224.45   40123.17     0.30     0.30        1
       136          3   14642.44   44171.68     0.30     0.30        1
       136          4   14856.85   43957.54     0.30     0.30        1
       137          3   16075.21     193.04     0.30     0.30        1
       137          4   15695.71     358.91     0.30     0.30        1
       138          3   16981.94    6332.68     0.30     0.30        1
       138          4   16665.34    6475.32     0.30     0.30        1
       139          3   15696.46    8449.12     0.30     0.30        1
       139          4   15435.62    8580.91     0.30     0.30        1
       140          3   16130.72   23136.27     0.30     0.30        1
       140          4   15997.72   23235.23     0.30     0.30        1
       141          3   15703.73   27955.13     0.30     0.30        1
       141          4   15629.56   28023.12     0.30     0.30        1
       142          3   19157.84   32794.05     0.30     0.30        1
       142          4   19086.34   32778.57     0.30     0.30        1
       143          3   16658.33   35595.36     0.30     0.30        1
       143          4   16679.25   35544.22     0.30     0.30        1
       144          3   16863.20   42033.96     0.30     0.30        1
       144          4   16959.74   41897.34     0.30     0.30        1
       145          3   18488.57   44754.44     0.30     0.30        1
       145          4   18584.48   44566.64     0.30     0.30        1
