1_000001               219.430   0.0  5.0 1
1_000002               211.940   0.0  5.0 1
1_000004               155.530   0.0  5.0 1
1_000005               233.840   0.0  5.0 1
1_000006               175.140   0.0  5.0 1
1_000008               221.640   0.0  5.0 1
1_000009               222.450   0.0  5.0 1
1_000010               222.230   0.0  5.0 1
1_000012               254.360   0.0  5.0 1
1_000013               228.630   0.0  5.0 1
1_000014               153.350   0.0  5.0 1
1_000015               133.510   0.0  5.0 1
1_000016               130.630   0.0  5.0 1
1_000018               139.890   0.0  5.0 1
1_000019               132.550   0.0  5.0 1
1_000020               141.620   0.0  5.0 1
1_000021               141.690   0.0  5.0 1
1_000024               196.180   0.0  5.0 1
1_000025               179.770   0.0  5.0 1
1_000026               125.760   0.0  5.0 1
1_000027               125.540   0.0  5.0 1
1_000028               125.510   0.0  5.0 1
1_000029               131.470   0.0  5.0 1
1_000030               131.320   0.0  5.0 1
1_000031               209.660   0.0  5.0 1
1_000032               138.300   0.0  5.0 1
1_000033               156.220   0.0  5.0 1
1_000036               149.930   0.0  5.0 1
1_000037               137.150   0.0  5.0 1
1_000039               133.860   0.0  5.0 1
1_000041               214.850   0.0  5.0 1
1_000042               193.060   0.0  5.0 1
1_000043               229.950   0.0  5.0 1
1_000045               144.320   0.0  5.0 1
1_000049               120.960   0.0  5.0 1
1_000050               141.950   0.0  5.0 1
1_000051               141.260   0.0  5.0 1
1_000052               216.790   0.0  5.0 1
1_000053               229.630   0.0  5.0 1
1_000054               227.760   0.0  5.0 1
1_000055               241.380   0.0  5.0 1
1_000056               244.190   0.0  5.0 1
1_000057               227.650   0.0  5.0 1
1_000058               230.740   0.0  5.0 1
1_000059               229.990   0.0  5.0 1
1_000060               237.450   0.0  5.0 1
2_000002               211.980   0.0  5.0 1
2_000003               216.310   0.0  5.0 1
2_000004               239.180   0.0  5.0 1
2_000005               237.570   0.0  5.0 1
2_000006               172.460   0.0  5.0 1
2_000007               214.110   0.0  5.0 1
2_000008               221.570   0.0  5.0 1
2_000009               227.620   0.0  5.0 1
2_000010               222.060   0.0  5.0 1
2_000011               250.100   0.0  5.0 1
2_000012               270.650   0.0  5.0 1
2_000013               228.940   0.0  5.0 1
2_000014               193.600   0.0  5.0 1
2_000015               157.670   0.0  5.0 1
2_000016               186.340   0.0  5.0 1
2_000017               225.050   0.0  5.0 1
2_000018               142.750   0.0  5.0 1
2_000019               134.610   0.0  5.0 1
2_000020               136.120   0.0  5.0 1
2_000021               159.330   0.0  5.0 1
2_000022               222.920   0.0  5.0 1
2_000023               227.740   0.0  5.0 1
2_000024               202.830   0.0  5.0 1
2_000025               196.480   0.0  5.0 1
2_000026               125.750   0.0  5.0 1
2_000027               124.820   0.0  5.0 1
2_000028               129.330   0.0  5.0 1
2_000030               127.650   0.0  5.0 1
2_000031               179.750   0.0  5.0 1
2_000032               138.050   0.0  5.0 1
2_000035               139.540   0.0  5.0 1
2_000036               147.430   0.0  5.0 1
2_000037               139.160   0.0  5.0 1
2_000038               126.970   0.0  5.0 1
2_000039               133.910   0.0  5.0 1
2_000040               224.550   0.0  5.0 1
2_000041               136.650   0.0  5.0 1
2_000042               209.250   0.0  5.0 1
2_000045               133.160   0.0  5.0 1
2_000047               150.810   0.0  5.0 1
2_000048               140.650   0.0  5.0 1
2_000049               123.630   0.0  5.0 1
2_000050               141.960   0.0  5.0 1
2_000051               141.280   0.0  5.0 1
2_000052               216.710   0.0  5.0 1
2_000053               223.040   0.0  5.0 1
2_000054               227.770   0.0  5.0 1
2_000055               236.790   0.0  5.0 1
2_000056               244.250   0.0  5.0 1
2_000057               227.600   0.0  5.0 1
2_000058               222.850   0.0  5.0 1
2_000059               230.020   0.0  5.0 1
3_000001               223.670   0.0  5.0 1
3_000002               211.970   0.0  5.0 1
3_000003               216.310   0.0  5.0 1
3_000004               218.510   0.0  5.0 1
3_000005               186.790   0.0  5.0 1
3_000006               166.310   0.0  5.0 1
3_000007               214.110   0.0  5.0 1
3_000008               221.570   0.0  5.0 1
3_000009               240.220   0.0  5.0 1
3_000010               242.030   0.0  5.0 1
3_000012               254.360   0.0  5.0 1
3_000014               182.640   0.0  5.0 1
3_000015               126.190   0.0  5.0 1
3_000016               130.550   0.0  5.0 1
3_000018               142.830   0.0  5.0 1
3_000019               134.620   0.0  5.0 1
3_000020               136.180   0.0  5.0 1
3_000021               222.290   0.0  5.0 1
3_000022               208.530   0.0  5.0 1
3_000023               227.730   0.0  5.0 1
3_000024               240.730   0.0  5.0 1
3_000025               196.470   0.0  5.0 1
3_000027               124.810   0.0  5.0 1
3_000028               129.330   0.0  5.0 1
3_000029               132.510   0.0  5.0 1
3_000030               133.810   0.0  5.0 1
3_000032               138.070   0.0  5.0 1
3_000033               156.750   0.0  5.0 1
3_000035               139.690   0.0  5.0 1
3_000036               145.070   0.0  5.0 1
3_000038               126.750   0.0  5.0 1
3_000039               137.790   0.0  5.0 1
3_000040               224.550   0.0  5.0 1
3_000041               218.810   0.0  5.0 1
3_000042               227.750   0.0  5.0 1
3_000044               241.960   0.0  5.0 1
3_000047               150.520   0.0  5.0 1
3_000048               191.360   0.0  5.0 1
3_000049               134.580   0.0  5.0 1
3_000050               142.060   0.0  5.0 1
3_000051               141.300   0.0  5.0 1
3_000054               220.390   0.0  5.0 1
3_000056               244.240   0.0  5.0 1
3_000057               227.610   0.0  5.0 1
3_000058               222.850   0.0  5.0 1
3_000059               234.560   0.0  5.0 1
3_000060               235.160   0.0  5.0 1
