     1 	     1     3	   2.262e+00  -2.194e-01	  2.553e-01  -3.015e-01   3.951e-01    1
    64 	     1     2	   2.522e+00  -6.993e-01	  3.206e-01  -4.912e-02   3.243e-01    1
     2 	     2     3	  -6.921e-01   1.546e+00	 -6.026e-01   5.608e-01   8.231e-01    1
    65 	     2     2	  -3.143e-01   1.161e+00	 -6.368e-01   4.955e-01   8.069e-01    1
   120 	     2     1	  -1.072e+00   7.573e-01	 -6.967e-01   4.815e-01   8.469e-01    1
   176 	     2     4	   5.238e-02   6.475e-01	 -6.080e-01   3.158e-01   6.851e-01    1
     3 	     3     3	   1.652e+00  -2.828e-02	 -4.692e-03   6.991e-02   7.007e-02    1
    66 	     3     2	   1.856e+00  -6.115e-01	 -1.514e-02  -8.500e-02   8.634e-02    1
   121 	     3     1	   1.112e+00  -8.591e-01	  1.451e-01  -1.950e-01   2.430e-01    1
   177 	     3     4	   2.201e+00  -1.279e+00	  2.182e-01  -2.639e-01   3.424e-01    1
     4 	     4     3	   1.221e+00  -2.398e-01	 -1.236e-01  -2.229e-01   2.549e-01    1
    67 	     4     2	   1.816e+00  -8.008e-01	  8.905e-02  -1.544e-01   1.782e-01    1
     5 	     5     3	   1.101e+00  -1.058e+00	 -1.615e-02  -5.683e-01   5.685e-01    1
    68 	     5     2	   1.042e+00  -1.760e+00	 -3.411e-01  -8.180e-01   8.863e-01    1
   122 	     5     1	   2.677e-01  -1.648e+00	 -2.232e-01  -5.633e-01   6.059e-01    1
     6 	     6     3	   1.413e+00   2.714e-01	  2.522e-02   8.979e-03   2.677e-02    1
   123 	     6     1	   8.717e-01  -4.060e-01	  3.507e-02   4.557e-03   3.536e-02    1
     7 	     7     3	   1.194e+00  -4.130e-02	 -1.149e-01  -1.058e-01   1.562e-01    1
    69 	     7     2	   1.795e+00  -8.538e-01	  1.578e-01  -2.694e-01   3.122e-01    1
   124 	     7     1	   3.871e-01  -5.017e-01	 -2.505e-01   6.693e-02   2.593e-01    1
   178 	     7     4	   1.672e+00  -9.319e-01	  1.140e-01   4.753e-02   1.235e-01    1
    70 	     8     2	   3.378e+00   2.900e+00	  6.100e-01   1.104e+00   1.262e+00    1
   125 	     8     1	   3.178e+00   2.020e+00	  1.085e+00   6.563e-01   1.268e+00    1
   126 	     9     1	   9.388e-01  -3.799e-01	  8.534e-02  -3.603e-01   3.703e-01    1
     8 	    10     3	   1.862e+00   5.602e-01	  3.247e-01   1.482e-01   3.569e-01    1
    71 	    10     2	   1.686e+00  -8.382e-02	 -8.939e-02   7.868e-02   1.191e-01    1
   127 	    10     1	   6.800e-01  -3.391e-01	 -8.983e-02  -1.941e-01   2.139e-01    1
   179 	    10     4	   1.656e+00  -5.959e-01	 -5.549e-02  -1.328e-02   5.706e-02    1
     9 	    11     3	   1.543e+00   6.644e-01	 -6.700e-02  -2.349e-02   7.100e-02    1
    72 	    11     2	   1.634e+00   2.864e-01	 -9.498e-02  -1.779e-01   2.017e-01    1
   128 	    11     1	   9.631e-01   3.237e-01	  6.662e-02   8.097e-02   1.049e-01    1
   180 	    11     4	   2.111e+00   1.921e-01	  1.740e-01   1.193e-01   2.110e-01    1
    10 	    12     3	   1.952e+00   9.511e-01	  1.092e-01  -2.533e-02   1.121e-01    1
    73 	    12     2	   1.836e+00   4.711e-01	 -1.218e-02  -7.628e-02   7.725e-02    1
   129 	    12     1	   8.068e-01   6.718e-01	  3.066e-02   1.795e-02   3.553e-02    1
   181 	    12     4	   1.600e+00   1.838e-01	 -1.235e-01   3.573e-02   1.285e-01    1
    11 	    13     3	   1.814e+00   9.529e-01	  1.199e-01  -2.813e-02   1.232e-01    1
    74 	    13     2	   1.691e+00   4.869e-01	 -4.836e-02  -9.998e-02   1.111e-01    1
   130 	    13     1	   6.390e-01   5.367e-01	 -8.049e-02  -9.248e-02   1.226e-01    1
   182 	    13     4	   1.483e+00   4.437e-01	 -1.927e-01   2.232e-01   2.948e-01    1
    12 	    14     3	   1.320e+00   2.624e-01	  6.493e-02  -3.072e-02   7.183e-02    1
    75 	    14     2	   1.595e+00  -2.134e-01	 -2.649e-02   6.023e-02   6.580e-02    1
   131 	    14     1	   4.105e-01  -4.870e-01	 -2.901e-01  -1.395e-01   3.219e-01    1
    13 	    15     3	   2.240e+00   5.533e-01	  1.787e-01  -5.696e-02   1.876e-01    1
    76 	    15     2	   2.344e+00  -1.046e-02	 -4.108e-02   2.364e-03   4.115e-02    1
   132 	    15     1	   1.672e+00   1.130e-01	  2.893e-01   7.088e-02   2.979e-01    1
   183 	    15     4	   2.350e+00  -3.340e-01	  9.558e-02  -8.872e-02   1.304e-01    1
    14 	    16     3	   2.023e+00   8.952e-01	  1.997e-01   5.359e-02   2.068e-01    1
    77 	    16     2	   2.252e+00   3.033e-01	  1.312e-01   1.429e-01   1.940e-01    1
    15 	    17     3	   1.650e+00   1.419e-01	 -6.017e-03  -7.565e-02   7.589e-02    1
    78 	    17     2	   1.704e+00  -1.047e+00	 -2.169e-01  -4.897e-01   5.356e-01    1
   133 	    17     1	   1.039e+00   1.013e-01	  2.622e-01   4.374e-01   5.099e-01    1
   184 	    17     4	   1.819e+00  -1.039e+00	  1.889e-01  -1.136e-01   2.204e-01    1
    16 	    18     3	   9.848e-01   3.675e-01	 -1.538e-01   1.462e-01   2.122e-01    1
    79 	    18     2	   1.257e+00   6.189e-02	 -1.407e-01   1.860e-01   2.332e-01    1
   134 	    18     1	   5.770e-01  -7.450e-01	 -8.148e-05  -3.838e-01   3.838e-01    1
   185 	    18     4	   1.561e+00  -9.325e-01	 -3.967e-02  -4.050e-01   4.069e-01    1
    17 	    19     3	   2.235e+00   1.122e+00	  2.159e-01   2.275e-01   3.136e-01    1
    80 	    19     2	   2.464e+00   6.678e-01	  3.230e-01   2.537e-01   4.107e-01    1
   135 	    19     1	   1.131e+00   5.005e-01	  6.340e-04   8.069e-02   8.069e-02    1
   186 	    19     4	   2.291e+00  -4.341e-03	  1.772e-01   7.920e-02   1.941e-01    1
    18 	    20     3	   2.248e+00   8.792e-01	  3.938e-01   1.654e-01   4.271e-01    1
    81 	    20     2	   1.977e+00   5.423e-01	  3.579e-02   4.443e-01   4.457e-01    1
   136 	    20     1	   1.111e+00   4.130e-02	  3.100e-01  -2.458e-01   3.956e-01    1
   187 	    20     4	   1.211e+00  -5.598e-01	 -5.108e-01  -1.798e-01   5.415e-01    1
    19 	    21     3	   1.846e+00   6.726e-01	  5.084e-03  -2.760e-02   2.806e-02    1
    82 	    21     2	   1.996e+00   1.164e-01	  5.992e-02  -1.700e-01   1.802e-01    1
   137 	    21     1	   1.015e+00   3.833e-01	  6.911e-02   1.021e-01   1.233e-01    1
   188 	    21     4	   2.067e+00  -9.340e-02	  1.482e-01   3.122e-02   1.515e-01    1
    20 	    22     3	   2.185e-01   8.203e-01	 -3.636e-01   1.060e-01   3.788e-01    1
    83 	    22     2	   2.789e-01   6.002e-01	 -5.118e-01   8.999e-02   5.197e-01    1
   138 	    22     1	  -2.992e-01   2.154e-01	 -3.318e-01   1.925e-02   3.324e-01    1
    21 	    23     3	   1.862e+00   1.076e+00	  6.376e-02   7.918e-02   1.017e-01    1
    84 	    23     2	   1.854e+00   5.703e-01	  4.007e-02  -7.877e-03   4.084e-02    1
   139 	    23     1	   7.573e-01   6.603e-01	 -5.854e-03   1.076e-02   1.225e-02    1
   189 	    23     4	   1.642e+00   2.397e-01	 -8.675e-02   9.534e-02   1.289e-01    1
    22 	    24     3	   2.156e+00   8.238e-01	  2.480e-01  -7.435e-02   2.589e-01    1
    85 	    24     2	   2.015e+00   5.031e-01	  8.415e-02   5.729e-02   1.018e-01    1
   140 	    24     1	   9.809e-01   4.849e-01	  1.207e-01  -6.076e-02   1.351e-01    1
   190 	    24     4	   1.602e+00   1.287e-01	 -2.120e-01   1.147e-01   2.410e-01    1
    23 	    25     3	   9.213e-01  -2.774e-01	 -2.298e-01  -3.862e-01   4.494e-01    1
    24 	    26     3	   7.361e-01   4.281e-01	 -1.613e-01   3.970e-02   1.661e-01    1
   191 	    26     4	   8.890e-01  -4.903e-01	 -4.009e-01   5.580e-02   4.047e-01    1
    25 	    27     3	   1.404e+00   1.102e-02	 -2.736e-01  -2.238e-01   3.535e-01    1
    86 	    27     2	   1.395e+00  -1.057e+00	 -4.603e-01  -4.980e-01   6.782e-01    1
   141 	    27     1	   1.318e+00   3.513e-01	  6.724e-01   6.196e-01   9.143e-01    1
   192 	    27     4	   1.188e+00  -1.329e+00	 -3.222e-01  -3.049e-01   4.436e-01    1
    26 	    28     3	   1.630e+00   5.352e-01	  1.414e-01   1.965e-02   1.427e-01    1
    87 	    28     2	   1.454e+00  -1.436e-02	 -1.402e-01   1.195e-02   1.407e-01    1
   142 	    28     1	   4.138e-01  -6.200e-02	 -1.090e-01  -1.331e-01   1.720e-01    1
   193 	    28     4	   1.206e+00  -5.358e-01	 -2.629e-01  -4.365e-02   2.665e-01    1
    27 	    29     3	   2.218e+00   9.998e-01	  2.795e-01   3.740e-02   2.819e-01    1
    88 	    29     2	   2.309e+00   7.207e-01	  2.147e-01   2.961e-01   3.658e-01    1
    28 	    30     3	   1.802e+00   6.553e-01	  5.183e-03   9.336e-02   9.350e-02    1
    89 	    30     2	   2.166e+00   2.882e-01	  1.087e-01   8.664e-02   1.390e-01    1
   143 	    30     1	   1.276e+00  -3.384e-02	  6.338e-02  -5.897e-02   8.657e-02    1
   194 	    30     4	   2.474e+00  -2.369e-01	  2.863e-01  -1.567e-01   3.264e-01    1
    29 	    31     3	   1.783e+00   4.648e-01	 -3.818e-02   3.746e-02   5.349e-02    1
    90 	    31     2	   2.064e+00  -1.761e-01	 -4.711e-02  -8.570e-04   4.711e-02    1
   144 	    31     1	   1.220e+00  -1.725e-01	  1.252e-01  -7.581e-02   1.463e-01    1
   195 	    31     4	   2.132e+00  -6.910e-01	  1.736e-01  -3.115e-01   3.566e-01    1
    30 	    32     3	   1.638e+00   1.089e+00	  2.314e-03   1.127e-01   1.127e-01    1
    91 	    32     2	   1.965e+00   4.734e-01	  8.348e-02   9.423e-02   1.259e-01    1
   145 	    32     1	   7.885e-01   6.531e-01	 -5.866e-02   1.861e-01   1.951e-01    1
   196 	    32     4	   1.739e+00   1.302e-01	  8.203e-03   3.084e-02   3.191e-02    1
    31 	    33     3	   1.749e+00   9.020e-01	  3.245e-02   2.568e-02   4.138e-02    1
    92 	    33     2	   2.047e+00   4.011e-01	  1.979e-02   1.504e-02   2.486e-02    1
   146 	    33     1	   1.087e+00   4.665e-01	 -2.181e-02   1.340e-01   1.358e-01    1
   197 	    33     4	   2.251e+00   1.557e-01	  2.393e-01  -4.204e-02   2.430e-01    1
    32 	    34     3	   1.982e+00  -6.336e-01	 -3.868e-02  -5.584e-01   5.597e-01    1
    93 	    34     2	   2.555e+00  -1.284e+00	  2.834e-01  -6.632e-01   7.212e-01    1
   147 	    34     1	   1.274e+00  -6.290e-01	 -7.350e-03  -3.072e-02   3.159e-02    1
   198 	    34     4	   2.688e+00  -9.743e-01	  4.967e-01  -5.783e-02   5.001e-01    1
    33 	    35     3	   2.810e+00   1.373e+00	  4.814e-01  -1.097e-01   4.938e-01    1
    94 	    35     2	   2.559e+00   7.511e-01	  3.245e-01  -2.013e-01   3.819e-01    1
   148 	    35     1	   1.109e+00   1.772e+00	  1.080e-01   4.795e-01   4.916e-01    1
    34 	    36     3	   3.060e+00   8.491e-01	  3.783e-01  -1.542e-01   4.085e-01    1
    95 	    36     2	   3.228e+00   2.874e-01	  5.328e-01  -7.629e-02   5.383e-01    1
   149 	    36     1	   1.542e+00   8.227e-01	  7.805e-02   1.188e-01   1.421e-01    1
   199 	    36     4	   2.674e+00  -8.972e-02	  3.583e-01  -1.087e-01   3.744e-01    1
    35 	    37     3	   1.878e+00   1.247e+00	  8.077e-02   2.008e-02   8.323e-02    1
    96 	    37     2	   1.837e+00   7.583e-01	  3.381e-03   7.795e-03   8.497e-03    1
   200 	    37     4	   1.316e+00   5.308e-01	 -3.292e-01   9.883e-02   3.437e-01    1
   150 	    38     1	   8.191e-01   2.059e-02	 -6.049e-02  -5.109e-01   5.144e-01    1
    36 	    39     3	   2.199e+00   1.100e+00	  1.995e-01   2.114e-02   2.006e-01    1
   151 	    39     1	   1.160e+00   5.600e-01	  1.285e-01  -2.042e-01   2.412e-01    1
    37 	    40     3	   2.300e+00   2.479e+00	  2.759e-01   8.509e-01   8.945e-01    1
    38 	    41     3	   1.994e+00   1.593e+00	  1.708e-01   1.803e-01   2.484e-01    1
    97 	    41     2	   1.834e+00   1.147e+00	 -1.843e-02   1.735e-01   1.745e-01    1
   152 	    41     1	   7.339e-01   1.282e+00	 -4.703e-02   1.888e-01   1.946e-01    1
   201 	    41     4	   1.474e+00   8.199e-01	 -2.312e-01   1.754e-01   2.902e-01    1
    39 	    42     3	   2.218e+00   1.112e+00	  2.503e-01  -1.211e-02   2.506e-01    1
    98 	    42     2	   2.064e+00   6.380e-01	  7.618e-02  -1.941e-02   7.861e-02    1
   153 	    42     1	   1.061e+00   8.165e-01	  1.715e-01   3.608e-03   1.715e-01    1
   202 	    42     4	   1.609e+00   2.977e-01	 -1.960e-01  -2.340e-02   1.974e-01    1
    40 	    43     3	   1.831e+00   1.264e+00	 -4.486e-02  -7.639e-02   8.859e-02    1
    99 	    43     2	   1.952e+00   8.237e-01	  6.716e-02  -1.548e-01   1.687e-01    1
   154 	    43     1	   7.960e-01   1.229e+00	 -5.172e-02   1.714e-01   1.790e-01    1
   203 	    43     4	   1.740e+00   9.097e-01	 -4.190e-02   2.139e-01   2.180e-01    1
   100 	    44     2	   1.540e+00   8.074e-01	 -1.534e-01   3.701e-04   1.534e-01    1
   204 	    44     4	   1.460e+00   8.181e-01	 -2.283e-01   2.671e-01   3.514e-01    1
   101 	    45     2	   1.384e+00   9.280e-01	 -2.942e-01   1.903e-02   2.948e-01    1
   205 	    45     4	   1.742e+00   1.031e+00	 -4.943e-02   3.628e-01   3.661e-01    1
    41 	    46     3	   1.635e+00   1.264e+00	 -1.796e-01  -9.434e-02   2.029e-01    1
   102 	    46     2	   1.735e+00   9.104e-01	 -1.251e-01  -1.673e-01   2.089e-01    1
   155 	    46     1	   9.387e-01   1.254e+00	  3.702e-02   1.961e-01   1.996e-01    1
   206 	    46     4	   2.039e+00   9.329e-01	  1.856e-01   8.009e-02   2.021e-01    1
    42 	    47     3	   1.742e+00   1.227e+00	 -1.551e-01   3.806e-01   4.110e-01    1
   103 	    47     2	   2.184e+00   7.753e-01	  6.054e-02   4.668e-01   4.707e-01    1
   156 	    47     1	   1.172e+00   9.406e-02	  7.509e-02  -3.188e-01   3.276e-01    1
   207 	    47     4	   2.108e+00  -4.754e-01	  1.600e-01  -6.584e-01   6.775e-01    1
    43 	    48     3	   1.277e+00   5.977e-01	  1.055e-01  -2.839e-01   3.029e-01    1
   104 	    48     2	   6.610e-01  -1.158e-01	 -6.744e-01  -5.077e-01   8.441e-01    1
   157 	    48     1	  -3.884e-01   4.854e-02	 -6.881e-01  -4.537e-01   8.242e-01    1
    44 	    49     3	   1.442e+00   8.389e-01	 -1.539e-01  -2.708e-01   3.115e-01    1
    45 	    50     3	   1.508e+00   1.638e+00	 -1.916e-01   9.899e-02   2.156e-01    1
   105 	    50     2	   1.751e+00   1.183e+00	 -7.064e-02   6.437e-02   9.557e-02    1
   158 	    50     1	   6.715e-01   1.425e+00	 -1.399e-01   2.393e-01   2.772e-01    1
   208 	    50     4	   1.821e+00   9.381e-01	  1.149e-01  -6.640e-03   1.151e-01    1
    46 	    51     3	   2.439e+00   1.341e+00	  3.627e-01   9.791e-02   3.757e-01    1
   209 	    51     4	   2.680e+00   9.597e-01	  4.623e-01   2.500e-01   5.255e-01    1
    47 	    52     3	   1.579e+00   8.203e-01	 -1.077e-01  -2.508e-01   2.730e-01    1
   159 	    52     1	   7.401e-01   7.189e-01	 -9.819e-02   2.522e-02   1.014e-01    1
   106 	    53     2	  -5.960e+00   1.468e+01	 -7.851e+00   1.391e+01   1.597e+01    0
    48 	    54     3	   1.780e+00   7.816e-01	 -2.167e-02  -1.969e-01   1.981e-01    1
   160 	    54     1	   9.118e-01   7.503e-01	  4.486e-02   1.046e-01   1.139e-01    1
   161 	    55     1	   1.058e+01   1.268e+01	  9.661e+00   1.177e+01   1.523e+01    0
   210 	    55     4	   6.120e+00  -8.461e+00	  4.303e+00  -9.098e+00   1.006e+01    0
    49 	    56     3	   1.284e+00   1.390e+00	 -1.314e-01  -4.109e-02   1.377e-01    1
   107 	    56     2	   1.546e+00   1.737e+00	 -5.856e-02   3.299e-01   3.351e-01    1
   108 	    57     2	   3.041e+00   1.439e+00	  7.424e-01   4.553e-01   8.709e-01    1
   162 	    57     1	   1.528e+00   5.226e-01	  5.330e-02  -3.004e-01   3.050e-01    1
   211 	    57     4	   2.569e+00   1.062e+00	  1.823e-01   1.112e-01   2.136e-01    1
   109 	    58     2	   1.904e+00   1.003e+00	  2.652e-01   2.410e-02   2.663e-01    1
   212 	    58     4	   6.685e-02   1.590e+00	 -1.070e+00   7.233e-01   1.292e+00    1
    50 	    59     3	   1.957e+00   1.695e+00	  6.351e-02   3.794e-02   7.398e-02    1
   110 	    59     2	   2.113e+00   9.378e-01	  2.196e-02  -9.821e-02   1.006e-01    1
   163 	    59     1	   8.975e-01   1.414e+00	 -7.161e-02   1.292e-01   1.477e-01    1
   213 	    59     4	   1.760e+00   1.096e+00	 -1.825e-03   1.161e-01   1.162e-01    1
    51 	    60     3	   3.568e-01   1.117e+00	 -7.513e-02   7.791e-02   1.082e-01    1
   111 	    60     2	   6.057e-01   1.537e+00	 -2.948e-02   2.901e-01   2.916e-01    1
   164 	    60     1	   1.027e-01   6.591e-01	 -1.014e-01   2.120e-01   2.350e-01    1
   214 	    60     4	   1.431e+00   1.339e+00	 -2.826e-02   5.977e-01   5.983e-01    1
    52 	    61     3	   1.827e+00   3.183e-01	  2.252e-02  -3.098e-01   3.106e-01    1
   165 	    61     1	   1.058e+00   3.788e-01	  1.805e-01   1.118e-01   2.124e-01    1
    53 	    62     3	   2.045e+00   8.201e-01	  1.089e-01  -2.757e-02   1.123e-01    1
   112 	    62     2	   2.021e+00   3.933e-01	  1.442e-01  -5.482e-02   1.542e-01    1
   166 	    62     1	   8.797e-01   7.374e-01	  7.318e-02   2.208e-01   2.327e-01    1
   215 	    62     4	   1.742e+00   6.790e-02	 -7.607e-02   2.008e-01   2.147e-01    1
    54 	    63     3	   1.214e+00   6.485e-01	 -2.223e-01   1.413e-01   2.634e-01    1
   167 	    63     1	   1.001e-01   1.870e-02	 -3.542e-01  -1.372e-01   3.799e-01    1
    55 	    64     3	   1.560e+00   4.960e-01	 -3.623e-02   1.460e-01   1.505e-01    1
   113 	    64     2	   1.539e+00  -1.135e-02	 -5.237e-02  -4.359e-02   6.813e-02    1
   168 	    64     1	   6.393e-01  -2.377e-01	  1.573e-02  -1.936e-01   1.942e-01    1
   216 	    64     4	   1.616e+00  -6.704e-01	 -6.373e-02  -1.066e-01   1.242e-01    1
    56 	    65     3	   1.236e+00   4.369e-01	 -1.392e-01   1.628e-01   2.141e-01    1
   114 	    65     2	   1.223e+00  -3.930e-02	 -1.629e-01  -7.711e-02   1.803e-01    1
   169 	    65     1	   4.787e-01  -2.528e-01	 -1.049e-02  -1.188e-01   1.193e-01    1
   217 	    65     4	   1.588e+00  -8.004e-01	  1.441e-02  -2.567e-01   2.571e-01    1
    57 	    66     3	   1.238e+00   5.343e-01	 -1.673e-01   3.502e-02   1.709e-01    1
   115 	    66     2	   1.325e+00   3.562e-02	 -6.631e-02  -1.174e-01   1.348e-01    1
   170 	    66     1	   2.951e-01   7.392e-02	 -8.886e-02  -7.588e-02   1.169e-01    1
   218 	    66     4	   1.234e+00  -3.420e-01	 -1.631e-01   1.340e-02   1.637e-01    1
    58 	    67     3	   1.983e+00   1.085e+00	  5.999e-02   2.450e-02   6.480e-02    1
   116 	    67     2	   1.921e+00   6.424e-01	  9.317e-02  -1.010e-01   1.374e-01    1
   171 	    67     1	   7.530e-01   7.816e-01	 -1.954e-02  -3.181e-02   3.733e-02    1
   219 	    67     4	   1.699e+00   3.724e-01	 -6.381e-02   8.128e-02   1.033e-01    1
    59 	    68     3	   1.620e+00   4.241e-02	 -3.363e-01  -8.697e-01   9.324e-01    1
   220 	    68     4	   1.042e+00  -8.967e-01	 -4.290e-01  -9.995e-01   1.088e+00    1
    60 	    69     3	   1.720e+00   1.572e+00	 -3.269e-02   1.296e-01   1.337e-01    1
   172 	    69     1	   4.284e-01   1.375e+00	 -1.805e-01   1.654e-01   2.448e-01    1
   221 	    69     4	   1.399e+00   1.039e+00	 -1.923e-01   3.117e-01   3.662e-01    1
    61 	    70     3	   1.933e+00   1.275e+00	 -7.525e-03   3.181e-02   3.269e-02    1
   117 	    70     2	   1.876e+00   8.542e-01	  1.137e-01  -1.184e-01   1.642e-01    1
   173 	    70     1	   5.663e-01   1.052e+00	 -1.159e-01  -1.903e-02   1.174e-01    1
   222 	    70     4	   1.536e+00   6.711e-01	 -1.461e-01   1.678e-01   2.225e-01    1
    62 	    71     3	   1.747e+00   1.875e+00	 -1.038e-01   2.154e-01   2.391e-01    1
   118 	    71     2	   1.603e+00   1.441e+00	 -8.064e-02  -1.169e-02   8.148e-02    1
   174 	    71     1	   4.806e-01   1.598e+00	 -1.626e-01   8.571e-02   1.838e-01    1
   223 	    71     4	   1.524e+00   1.300e+00	 -1.138e-01   2.226e-01   2.500e-01    1
   224 	    72     4	   2.741e+00  -1.157e+00	  7.119e-01  -1.123e+00   1.330e+00    1
   225 	    73     4	   2.228e+00   6.095e-01	  2.024e-01  -1.060e-01   2.284e-01    1
    63 	    74     3	   1.419e+00   1.786e+00	 -4.305e-01   1.954e-01   4.728e-01    1
   119 	    74     2	   1.236e+00   1.401e+00	 -4.454e-01  -3.576e-03   4.455e-01    1
   175 	    74     1	   7.804e-01   1.515e+00	  1.327e-01   5.445e-02   1.434e-01    1
   226 	    74     4	   1.211e+00   1.013e+00	 -4.249e-01  -5.914e-02   4.290e-01    1
