3494.168992 672.333928 3030.132054 2304.729003 1.000000
3497.613061 343.501265 3030.846002 2630.922007 1.000000
3506.747976 1034.029490 3036.369009 1940.897703 1.000000
3517.541950 1891.073096 3057.011986 1080.470969 1.000000
3502.757939 2786.153983 3058.440021 187.083342 1.000000
3493.623024 2391.375006 3069.401975 582.105312 1.000000
3496.626059 2098.301114 3072.615019 874.005295 1.000000
3469.221035 1631.796602 3101.574028 1339.716010 1.000000
3459.603057 1273.358097 3109.007993 1697.925600 1.000000
3398.115020 859.788267 3160.583983 2111.192989 1.000000
3335.283009 2941.007970 3223.647018 31.126354 1.000000
3289.041032 609.153293 3236.351952 2366.531983 1.000000
3321.611949 1105.154432 3244.332025 1865.572803 1.000000
3329.864937 1461.866693 3245.276997 1507.957495 1.000000
3304.056067 2571.218980 3260.691036 400.816533 1.000000
3249.014995 380.005437 3297.776943 2591.210984 1.000000
3218.187056 1632.330002 3351.578975 1337.321988 1.000000
3194.225961 2362.310992 3361.175938 609.903008 1.000000
3210.102048 1295.685288 3362.813983 1673.758797 1.000000
3160.394988 2749.445995 3398.261985 220.653369 1.000000
3134.292049 909.923696 3426.108043 2061.549008 1.000000
3084.858043 138.763123 3451.707043 2833.761020 1.000000
3103.106998 702.964522 3452.127061 2267.580016 1.000000
3111.107947 1108.590010 3465.441007 1859.298002 1.000000
3075.618054 1847.191496 3479.342952 1124.932182 1.000000
3051.908998 465.145748 3505.592995 2504.712015 1.000000
3049.368011 2568.656979 3509.940005 400.915205 1.000000
