154.106184 19.705275 173.252514 3391.163979 1.000000
440.974782 69.157234 456.951629 3444.042053 1.000000
724.155624 21.316737 736.713593 3390.891064 1.000000
938.691623 135.168332 949.300778 3500.426962 1.000000
1300.248606 107.152764 1307.031598 3487.868993 1.000000
1770.031200 78.928857 1771.732200 3475.814963 1.000000
2127.951003 49.012072 2125.851015 3425.645994 1.000000
2352.021026 95.978574 2347.988995 3498.789057 1.000000
2555.007004 33.916040 2548.035017 3455.865059 1.000000
2742.347988 128.788170 2734.871993 3500.301012 1.000000
2982.042024 24.868385 2971.416029 3413.529059 1.000000
