3494.168992 672.333928 3503.703050 2369.640023 1.000000
3497.613061 343.501265 3507.042044 2042.403304 1.000000
3506.747976 1034.029490 3516.849017 2743.671019 1.000000
3469.221035 1631.796602 3479.741955 3359.432959 1.000000
3459.603057 1273.358097 3470.040057 2998.233055 1.000000
3398.115020 859.788267 3407.921993 2577.477019 1.000000
3310.146057 73.860383 3318.692974 1765.129800 1.000000
3289.041032 609.153293 3297.714038 2306.786996 1.000000
3321.611949 1105.154432 3330.831063 2826.305970 1.000000
3329.864937 1461.866693 3339.713939 3190.152005 1.000000
3249.014995 380.005437 3258.002945 2088.983398 1.000000
3218.187056 1632.330002 3227.763005 3356.829067 1.000000
3210.102048 1295.685288 3219.593937 3020.912941 1.000000
3134.292049 909.923696 3143.343044 2626.070988 1.000000
3084.858043 138.763123 3093.404960 1841.695802 1.000000
3103.106998 702.964522 3112.304958 2416.343978 1.000000
3111.107947 1108.590010 3119.907042 2834.789982 1.000000
3051.908998 465.145748 3060.707954 2178.539991 1.000000
154.106184 19.705275 180.038638 1698.998701 1.000000
440.974782 69.157234 463.512018 1750.719600 1.000000
724.155624 21.316737 743.960721 1701.585901 1.000000
938.691623 135.168332 956.138396 1814.238302 1.000000
1300.248606 107.152764 1314.872987 1794.882599 1.000000
1501.500006 25.594441 1514.282702 1720.994099 1.000000
1770.031200 78.928857 1782.183900 1776.247200 1.000000
2127.951003 49.012072 2138.451014 1737.430800 1.000000
2352.021026 95.978574 2361.785969 1798.576499 1.000000
2555.007004 33.916040 2563.343981 1747.052999 1.000000
2742.347988 128.788170 2751.273033 1817.711700 1.000000
2982.042024 24.868385 2990.295012 1722.457801 1.000000
45.526949 1649.377796 58.228820 3302.985006 1.000000
39.032527 695.734233 63.021874 2371.509021 1.000000
73.360202 1212.852888 94.223904 2875.256983 1.000000
128.607387 459.530331 152.717256 2135.279999 1.000000
134.248550 954.055212 155.801984 2623.173028 1.000000
154.177440 1834.385699 171.141566 3487.469990 1.000000
185.272030 1443.012900 203.870165 3102.813068 1.000000
185.196460 221.354653 209.819453 1896.104698 1.000000
263.329503 756.564894 284.535288 2438.457020 1.000000
317.429639 1616.827807 333.876885 3275.664041 1.000000
316.766071 374.079252 339.126838 2057.351102 1.000000
355.544718 1823.268299 370.824317 3491.691050 1.000000
393.059133 1128.258580 411.259796 2809.758035 1.000000
413.910032 894.081289 432.990534 2581.865990 1.000000
447.715815 1395.710404 464.230141 3061.842059 1.000000
503.458170 278.720440 524.418318 1961.681399 1.000000
505.908835 522.492607 525.774958 2203.991992 1.000000
539.401761 1635.526197 554.019880 3305.714987 1.000000
553.331122 726.148485 571.865656 2410.296018 1.000000
624.260668 1111.032325 640.623923 2783.864966 1.000000
647.581228 1808.872802 660.794414 3484.551014 1.000000
702.340826 1445.894091 716.664877 3119.381949 1.000000
773.541268 306.650417 791.844917 1982.150099 1.000000
800.272217 657.062679 816.986114 2333.351983 1.000000
811.085119 1236.173413 825.474301 2906.945973 1.000000
864.223513 1826.191502 876.212410 3507.588013 1.000000
888.902731 898.083920 904.003773 2571.890968 1.000000
902.313331 1426.910103 915.354293 3105.333040 1.000000
962.135976 1645.423501 974.019869 3321.233961 1.000000
1002.903308 1105.597483 1016.458786 2783.486977 1.000000
1024.041873 405.358800 1039.913715 2083.139114 1.000000
1092.199477 901.250690 1105.931424 2576.237979 1.000000
1097.884201 1286.539796 1110.223810 2970.870061 1.000000
1115.879099 24.852241 1133.097004 1707.104702 1.000000
1142.334906 670.433407 1156.446929 2348.262014 1.000000
1145.459716 241.109439 1161.117304 1935.278094 1.000000
1162.631416 1671.329104 1173.293109 3356.324989 1.000000
1298.373309 1518.778799 1308.932084 3206.574060 1.000000
1301.748001 1278.032717 1313.020793 2964.927035 1.000000
1327.311303 358.012222 1341.169200 2045.131198 1.000000
1331.811611 576.939279 1345.251611 2268.462013 1.000000
1348.634688 975.305115 1360.564786 2656.016999 1.000000
1355.707504 1779.418200 1365.226810 3471.195038 1.000000
1500.828001 683.986797 1512.734997 2383.856981 1.000000
1512.758099 1388.799305 1522.716299 3083.765967 1.000000
1520.355904 1618.932005 1529.726105 3312.330069 1.000000
1540.186208 426.864916 1552.551007 2120.936987 1.000000
1563.313494 1821.422398 1571.906703 3520.251056 1.000000
1566.518101 1184.979588 1576.841694 2873.262034 1.000000
1567.146006 224.065846 1579.601093 1915.846794 1.000000
1653.836100 882.004226 1664.514598 2585.037004 1.000000
1678.664397 586.838662 1690.021197 2285.724001 1.000000
1742.594700 341.386559 1754.081701 2036.821498 1.000000
1760.509800 1439.512189 1769.541900 3144.224972 1.000000
1805.491800 1243.886695 1814.788502 2954.594970 1.000000
1820.949899 1708.675501 1829.251201 3415.943957 1.000000
1876.223996 925.709391 1885.986904 2624.684983 1.000000
1919.208907 681.807029 1929.314107 2374.470027 1.000000
1950.826503 1503.106494 1959.257995 3221.526050 1.000000
1962.639001 211.952946 1973.237701 1905.655500 1.000000
2006.541598 1207.747812 2015.393091 2921.624979 1.000000
2045.483997 422.961027 2055.761403 2123.939987 1.000000
2064.482701 1673.473200 2072.431217 3393.116967 1.000000
2072.122501 1016.880892 2081.274291 2720.360966 1.000000
2106.342005 767.730595 2115.498005 2463.194968 1.000000
2175.683990 267.758346 2186.624999 1962.414292 1.000000
2201.073016 1441.570217 2209.220999 3167.996933 1.000000
2218.649983 531.799816 2228.142012 2235.177008 1.000000
2277.827987 1687.102204 2285.618996 3410.084991 1.000000
2285.829005 945.163777 2294.586001 2647.406968 1.000000
2293.745999 1149.094796 2302.208996 2865.345006 1.000000
2393.265019 1508.096092 2401.245023 3230.787055 1.000000
2411.766013 1307.571304 2419.767032 3027.674988 1.000000
2444.946013 432.158987 2454.059983 2129.001015 1.000000
2452.065035 662.841900 2460.906020 2366.909972 1.000000
2506.622974 937.066174 2515.149016 2643.563966 1.000000
2526.446998 1740.603900 2534.259022 3461.093997 1.000000
2585.667032 1423.787416 2594.339969 3143.993948 1.000000
2591.210984 1215.318304 2599.484986 2931.600001 1.000000
2617.208988 317.081155 2626.113018 2010.777307 1.000000
2620.800021 528.129038 2629.578031 2231.963999 1.000000
2664.836970 712.618197 2673.509976 2428.082994 1.000000
2745.351023 1547.212802 2753.582996 3261.404984 1.000000
2770.950023 908.161790 2779.454980 2623.508987 1.000000
2793.399024 1224.934195 2801.819991 2935.463949 1.000000
2856.000011 534.288335 2864.336989 2246.160012 1.000000
2862.993013 339.278117 2871.750009 2039.645994 1.000000
2877.713980 1734.427800 2886.135017 3448.829958 1.000000
2885.210990 734.315395 2893.821021 2455.866007 1.000000
2984.856064 1274.714703 2994.432013 2990.547051 1.000000
3092.355053 1467.032691 3101.111980 3183.011968 1.000000
