2964.212948 1696.048199 3471.320988 2974.901988 1.000000
2970.282063 1478.154309 3465.315058 3192.671976 1.000000
3161.108936 1229.955316 3296.874001 3446.918999 1.000000
3169.929046 1626.956099 3266.991035 3043.446001 1.000000
3341.099945 1499.355901 3117.093002 3177.131988 1.000000
3410.231956 1579.939192 3031.790974 3089.288974 1.000000
3447.632947 1317.621896 3023.705966 3361.680016 1.000000
2921.057996 3005.310047 3522.603048 1661.969401 1.000000
2930.402990 2200.422008 3508.785024 2472.266978 1.000000
2982.252033 2788.694970 3458.154007 1880.083803 1.000000
3033.618013 2548.707005 3404.415020 2121.105001 1.000000
3127.130998 2473.358984 3310.418971 2197.040985 1.000000
3159.785975 3105.291011 3281.417933 1560.369294 1.000000
3219.300008 1939.650295 3215.267942 2729.874009 1.000000
3226.419029 2440.451968 3210.962961 2230.682998 1.000000
3258.464993 1880.974203 3176.796029 2789.262023 1.000000
3391.668057 3076.499981 3047.771996 1589.198108 1.000000
3419.598034 3305.294968 3021.837037 1358.765094 1.000000
3440.996989 2392.445997 2994.368968 2275.664989 1.000000
3504.879047 1639.574999 2951.886004 3036.390024 1.000000
3522.308979 2673.279022 2916.543006 1993.372494 1.000000
