2964.212948 1696.048199 3495.554998 1303.971886 1.000000
2970.282063 1478.154309 3489.044989 1522.285807 1.000000
2987.900990 624.871768 3503.703050 2369.640023 1.000000
2987.733010 952.280711 3507.042044 2042.403304 1.000000
2994.410998 245.536195 3516.849017 2743.671019 1.000000
3118.604957 408.416390 3407.921993 2577.477019 1.000000
3161.108936 1229.955316 3318.692974 1765.129800 1.000000
3169.929046 1626.956099 3287.948956 1372.610396 1.000000
3194.981939 684.238767 3297.714038 2306.786996 1.000000
3202.038055 154.658972 3330.831063 2826.305970 1.000000
3254.852946 898.739068 3258.002945 2088.983398 1.000000
3261.383969 1427.548516 3215.078947 1568.475299 1.000000
3341.099945 1499.355901 3137.525969 1493.381406 1.000000
3409.685987 566.088662 3112.304958 2416.343978 1.000000
3410.231956 1579.939192 3052.308001 1416.132899 1.000000
3424.176069 141.400137 3119.907042 2834.789982 1.000000
3445.910982 1068.280482 3060.204015 1917.999302 1.000000
3447.632947 1317.621896 3043.172947 1670.955299 1.000000
3462.522032 804.075277 3060.707954 2178.539991 1.000000
2979.815981 2234.841014 3483.984031 761.079884 1.000000
2982.252033 2788.694970 3484.697979 201.110262 1.000000
3025.806059 1958.119801 3434.633945 1039.863266 1.000000
3033.618013 2548.707005 3429.846040 444.185739 1.000000
3175.809027 2961.546012 3289.565985 26.129275 1.000000
3219.300008 1939.650295 3238.178990 1057.224031 1.000000
3258.464993 1880.974203 3199.056035 1114.952985 1.000000
3280.262951 2778.950972 3182.949063 209.951944 1.000000
3440.996989 2392.445997 3016.545054 600.448834 1.000000
3468.905951 2624.643023 2991.933056 364.538931 1.000000
