207.489032 1646.532303 139.388697 31.960963 1.000000
356.092774 1790.796000 288.128409 177.132884 1.000000
673.850128 1794.288299 607.727415 184.215999 1.000000
1057.194596 1677.129296 994.223970 70.383749 1.000000
1237.779900 1789.069799 1174.244413 183.637604 1.000000
1433.718286 1739.106601 1372.139997 136.104397 1.000000
2170.412988 1866.992401 2107.601991 271.597243 1.000000
2407.230008 1631.905799 2344.439991 38.870532 1.000000
2433.878985 1848.818998 2370.059972 256.176942 1.000000
2760.827967 1656.916801 2696.672994 67.262975 1.000000
2964.212948 1696.048199 2898.861034 108.169966 1.000000
3169.929046 1626.956099 3103.359037 41.472476 1.000000
3385.052974 1619.574593 3317.285954 34.043938 1.000000
132.056883 3451.181950 40.508855 1818.518101 1.000000
158.820885 2199.771001 83.688093 588.390559 1.000000
190.994190 2566.431006 111.723005 955.512613 1.000000
201.156328 3066.693008 115.125183 1430.832886 1.000000
250.198150 2786.217028 168.288558 1154.496028 1.000000
268.327556 2023.499097 195.797543 412.188067 1.000000
323.559571 3389.820003 235.170589 1756.343400 1.000000
397.660131 2456.495965 321.827169 846.081580 1.000000
398.842529 3018.224989 315.550133 1379.088917 1.000000
416.480384 2248.869013 343.274416 639.617994 1.000000
531.778801 2612.378984 455.340862 1002.468607 1.000000
532.612437 2847.977978 453.146412 1224.316797 1.000000
553.868741 1962.928808 484.988769 352.642443 1.000000
604.753815 3275.622011 520.911345 1641.271800 1.000000
615.365127 3045.252024 534.059399 1411.792186 1.000000
638.864104 2401.161033 565.826046 792.951606 1.000000
652.283125 3473.630951 566.735391 1844.635801 1.000000
683.102713 2115.770989 613.718732 509.031557 1.000000
753.057921 2600.261979 678.713672 990.105896 1.000000
819.501911 2874.584995 742.352111 1250.270684 1.000000
843.322234 3132.675020 763.341624 1497.612904 1.000000
891.349220 2308.067997 821.188178 703.563027 1.000000
893.589875 2076.727813 825.734690 470.826296 1.000000
908.329769 3483.375018 826.001412 1873.101300 1.000000
976.554593 1893.061799 910.524289 286.177508 1.000000
999.030871 2709.210018 925.278866 1095.528034 1.000000
1019.793605 3022.845053 942.591268 1393.074886 1.000000
1020.637817 3253.319975 941.278815 1629.635701 1.000000
1055.850620 2440.157969 985.622428 838.523683 1.000000
1138.871980 3520.188011 1058.271920 1911.128101 1.000000
1175.873968 1980.411295 1110.051586 375.820143 1.000000
1205.820013 2217.117013 1138.250372 614.258368 1.000000
1226.691892 3273.395969 1149.298473 1669.993496 1.000000
1263.939586 2938.277989 1189.698289 1325.291095 1.000000
1296.882299 2567.858971 1226.586887 965.758531 1.000000
1410.057592 2218.502984 1343.279696 617.828386 1.000000
1422.302704 3361.763936 1345.461586 1758.285900 1.000000
1458.137115 2883.972019 1385.937007 1282.908891 1.000000
1524.705002 1947.376207 1460.783106 345.647423 1.000000
1580.535592 3044.936941 1507.514391 1447.511085 1.000000
1634.740802 2435.475000 1567.026302 838.322093 1.000000
1659.167999 2845.773020 1589.057406 1243.997997 1.000000
1720.628701 2624.349024 1651.704599 1029.197399 1.000000
1739.394300 2072.735689 1674.764700 474.083457 1.000000
1794.769201 3460.989062 1719.381301 1866.383396 1.000000
1807.218000 3065.517012 1734.925500 1469.718589 1.000000
1817.745301 2298.870002 1751.526000 701.998465 1.000000
1902.104400 2721.641967 1832.800200 1125.933866 1.000000
1975.383894 3355.694961 1900.487397 1764.457800 1.000000
2010.563105 2918.223010 1940.089206 1323.949207 1.000000
2047.205996 3145.547933 1975.138205 1551.960904 1.000000
2066.068208 2380.875030 1999.483499 786.613822 1.000000
2131.919990 2659.817972 2063.336105 1066.650927 1.000000
2155.901996 2135.385004 2091.240893 540.019264 1.000000
2187.695991 3504.731943 2114.028010 1915.884596 1.000000
2285.052013 3319.323002 2212.392014 1730.547000 1.000000
2313.170985 2528.315997 2246.663985 935.526872 1.000000
2365.145978 2756.775025 2296.097991 1164.603332 1.000000
2366.469008 3094.202968 2295.342014 1503.102301 1.000000
2435.558989 2095.354792 2370.374985 501.694176 1.000000
2459.205001 2362.604991 2392.319978 769.358132 1.000000
2507.693966 2936.828939 2437.491033 1345.688400 1.000000
2510.739030 3265.142981 2438.730004 1676.541298 1.000000
2524.284000 2566.557025 2456.222981 975.103525 1.000000
2616.704979 3493.916953 2543.331032 1906.995301 1.000000
2625.315011 2159.198995 2559.500979 566.983255 1.000000
2674.056014 2736.972016 2604.986978 1149.953691 1.000000
2685.626981 1953.207895 2620.506022 362.422138 1.000000
2704.569008 3114.467956 2633.252985 1526.464804 1.000000
2738.547016 2366.552998 2671.116024 776.798430 1.000000
2807.070014 2579.241013 2738.315991 990.227670 1.000000
2815.743020 3360.525035 2743.083021 1774.684800 1.000000
2921.057996 3005.310047 2850.056986 1417.924206 1.000000
2930.402990 2200.422008 2863.413032 611.360408 1.000000
2979.815981 2234.841014 2912.573984 645.392970 1.000000
2982.252033 2788.694970 2912.406005 1201.716587 1.000000
2983.889938 3218.270977 2911.629012 1632.338404 1.000000
3056.907051 3506.223022 2983.050040 1911.338101 1.000000
3127.130998 2473.358984 3057.767963 887.121897 1.000000
3159.785975 3105.291011 3087.798033 1520.164805 1.000000
3240.804037 2128.517987 3172.154949 541.776856 1.000000
3280.262951 2778.950972 3208.610969 1194.463196 1.000000
3317.601037 3482.093948 3243.198058 1892.698502 1.000000
3391.668057 3076.499981 3318.630068 1492.537194 1.000000
3419.598034 3305.294968 3344.922002 1722.081900 1.000000
3440.996989 2392.445997 3370.164028 808.983008 1.000000
3442.382994 2172.450001 3372.537035 587.281783 1.000000
3471.951016 2936.030932 3398.870998 1353.193795 1.000000
3472.517999 1878.042598 3402.776975 294.816834 1.000000
3490.010976 2861.124014 3415.208994 1278.072589 1.000000
3504.879047 1639.574999 3435.662976 44.696236 1.000000
3512.103003 2644.298998 3439.926067 1060.560867 1.000000
