155.678261 2687.180966 105.290376 1051.192771 1.000000
172.220421 2180.072996 117.310587 539.506836 1.000000
178.847612 2948.568025 131.000156 1313.524802 1.000000
205.613283 1871.070602 147.800896 227.129698 1.000000
252.991175 3280.829935 207.489032 1646.532303 1.000000
288.987234 2390.304014 236.959773 751.023030 1.000000
352.743342 1718.835298 296.087467 72.174325 1.000000
386.641535 2578.211982 336.543960 939.695395 1.000000
389.753680 2815.217997 341.716256 1177.841709 1.000000
398.834040 3425.435985 356.092774 1790.796000 1.000000
442.438445 1985.923794 387.836458 341.271047 1.000000
480.988155 3098.865062 435.703815 1462.391716 1.000000
597.380736 2274.341994 546.073487 631.642166 1.000000
648.692092 2974.460954 603.073810 1336.570185 1.000000
656.165999 2490.179974 606.990295 849.330322 1.000000
692.090733 3210.752952 648.162893 1573.643402 1.000000
698.762388 2722.902022 651.562775 1086.279624 1.000000
716.062196 3432.156003 673.850128 1794.288299 1.000000
770.000685 2075.789104 718.496090 430.680572 1.000000
848.135398 1791.478499 794.679903 140.758141 1.000000
876.525267 3035.360992 832.106084 1394.070307 1.000000
901.786221 2660.426985 855.078020 1019.379918 1.000000
906.118479 2282.174998 856.888219 639.288298 1.000000
1018.972495 2863.055988 974.259313 1221.832488 1.000000
1084.374928 2543.477997 1037.729703 900.994476 1.000000
1095.456569 1964.092191 1045.153231 306.408955 1.000000
1099.633513 3317.643067 1057.194596 1677.129296 1.000000
1120.578908 1744.024800 1069.175074 84.757205 1.000000
1124.661285 2362.583976 1076.877918 704.434517 1.000000
1180.588529 2176.313983 1131.259528 492.212725 1.000000
1220.910584 2727.228018 1175.813080 1084.788614 1.000000
1255.371584 3069.465019 1212.201915 1427.126410 1.000000
1279.460717 3430.434038 1237.779900 1789.069799 1.000000
1323.541784 1825.466999 1273.439999 138.132399 1.000000
1366.638006 2429.636979 1320.410711 777.084009 1.000000
1456.110609 2123.184009 1408.375500 451.405520 1.000000
1464.031813 2996.070057 1420.904103 1351.879185 1.000000
1474.958104 3382.386037 1433.718286 1739.106601 1.000000
1547.783996 2302.377011 1501.504199 638.198379 1.000000
1597.014307 1850.935800 1548.222907 149.865222 1.000000
1605.475199 2805.473999 1561.822502 1159.466734 1.000000
1678.000803 2054.180105 1630.792804 372.397229 1.000000
1683.158398 3020.241022 1640.412896 1373.673002 1.000000
1724.585102 2599.212002 1680.004198 934.701587 1.000000
1805.374200 1724.530499 1756.752900 25.094399 1.000000
1813.574699 3444.420042 1772.494500 1797.576900 1.000000
1849.709398 1946.481597 1802.679899 247.069165 1.000000
1915.006792 2425.625997 1870.404903 756.827371 1.000000
1954.171794 2849.468988 1911.222598 1196.304917 1.000000
1989.361495 2186.499014 1944.215700 509.751907 1.000000
1994.649303 2642.324994 1951.028092 980.912111 1.000000
2024.887207 3394.691967 1983.605394 1750.200900 1.000000
2030.431194 1826.162102 1984.325692 140.533240 1.000000
2032.869299 3072.678063 1990.598396 1425.652205 1.000000
2129.925007 3330.284956 2088.605409 1681.558200 1.000000
2171.399990 2377.052973 2127.468010 708.054915 1.000000
2179.443003 2720.256031 2136.056992 1054.378468 1.000000
2211.783001 3515.085023 2170.412988 1866.992401 1.000000
2225.433010 2094.474917 2181.038983 420.335981 1.000000
2239.503004 3122.049025 2197.524013 1473.874483 1.000000
2301.936012 2924.061031 2259.578997 1271.533216 1.000000
2358.866994 2498.957984 2316.363014 828.874182 1.000000
2436.210032 2682.875985 2393.286034 1014.783026 1.000000
2449.188019 3282.783062 2407.230008 1631.905799 1.000000
2452.128009 1937.617492 2408.279985 257.205834 1.000000
2475.311973 3500.006943 2433.878985 1848.818998 1.000000
2483.460026 2323.482001 2440.137024 648.845389 1.000000
2507.064007 3078.053966 2464.790983 1425.750912 1.000000
2518.256986 1736.616001 2474.409031 53.080601 1.000000
2630.355024 2560.592985 2587.766985 900.368693 1.000000
2646.693020 3463.509034 2604.756024 1811.100901 1.000000
2650.116004 2768.577016 2607.612024 1109.766007 1.000000
2688.042018 2094.978890 2645.097005 418.853391 1.000000
2727.059969 1749.829200 2684.051981 64.885376 1.000000
2779.643975 3095.526068 2737.161010 1441.637402 1.000000
2803.311001 3310.418971 2760.827967 1656.916801 1.000000
2812.550991 1938.986692 2769.858017 251.361620 1.000000
2830.107012 2357.669983 2787.539988 686.748301 1.000000
2833.173022 2587.116012 2792.097008 923.130620 1.000000
2902.473013 2816.919016 2859.654019 1141.123213 1.000000
2933.342980 2103.549014 2890.944006 423.353768 1.000000
2947.139990 1732.985100 2904.174032 23.148786 1.000000
3006.779972 3350.927932 2964.212948 1696.048199 1.000000
3012.996051 3134.522934 2970.282063 1478.154309 1.000000
3030.132054 2304.729003 2987.900990 624.871768 1.000000
3030.846002 2630.922007 2987.733010 952.280711 1.000000
3036.369009 1940.897703 2994.410998 245.536195 1.000000
3160.583983 2111.192989 3118.604957 408.416390 1.000000
3204.390047 2901.527971 3161.108936 1229.955316 1.000000
3214.029040 3283.518025 3169.929046 1626.956099 1.000000
3236.351952 2366.531983 3194.981939 684.238767 1.000000
3244.332025 1865.572803 3202.038055 154.658972 1.000000
3297.776943 2591.210984 3254.852946 898.739068 1.000000
3304.475946 3097.142958 3261.383969 1427.548516 1.000000
3384.800935 3170.810974 3341.099945 1499.355901 1.000000
3426.108043 2061.549008 3383.604063 355.068057 1.000000
3429.719951 3279.969022 3385.052974 1619.574593 1.000000
3451.707043 2833.761020 3408.047943 1146.339625 1.000000
3452.127061 2267.580016 3409.685987 566.088662 1.000000
3454.626018 3243.786057 3410.231956 1579.939192 1.000000
3465.441007 1859.298002 3424.176069 141.400137 1.000000
3489.044989 2757.698982 3445.910982 1068.280482 1.000000
3491.103052 2997.960001 3447.632947 1317.621896 1.000000
