3030.132054 2304.729003 3494.168992 672.333928 1.000000
3030.846002 2630.922007 3497.613061 343.501265 1.000000
3036.369009 1940.897703 3506.747976 1034.029490 1.000000
3057.011986 1080.470969 3517.541950 1891.073096 1.000000
3058.440021 187.083342 3502.757939 2786.153983 1.000000
3069.401975 582.105312 3493.623024 2391.375006 1.000000
3072.615019 874.005295 3496.626059 2098.301114 1.000000
3101.574028 1339.716010 3469.221035 1631.796602 1.000000
3109.007993 1697.925600 3459.603057 1273.358097 1.000000
3160.583983 2111.192989 3398.115020 859.788267 1.000000
3223.647018 31.126354 3335.283009 2941.007970 1.000000
3236.351952 2366.531983 3289.041032 609.153293 1.000000
3244.332025 1865.572803 3321.611949 1105.154432 1.000000
3245.276997 1507.957495 3329.864937 1461.866693 1.000000
3260.691036 400.816533 3304.056067 2571.218980 1.000000
3297.776943 2591.210984 3249.014995 380.005437 1.000000
3351.578975 1337.321988 3218.187056 1632.330002 1.000000
3361.175938 609.903008 3194.225961 2362.310992 1.000000
3362.813983 1673.758797 3210.102048 1295.685288 1.000000
3398.261985 220.653369 3160.394988 2749.445995 1.000000
3426.108043 2061.549008 3134.292049 909.923696 1.000000
3451.707043 2833.761020 3084.858043 138.763123 1.000000
3452.127061 2267.580016 3103.106998 702.964522 1.000000
3465.441007 1859.298002 3111.107947 1108.590010 1.000000
3479.342952 1124.932182 3075.618054 1847.191496 1.000000
3505.592995 2504.712015 3051.908998 465.145748 1.000000
3509.940005 400.915205 3049.368011 2568.656979 1.000000
