3006.779972 3350.927932 3495.554998 1303.971886 1.000000
3012.996051 3134.522934 3489.044989 1522.285807 1.000000
3030.132054 2304.729003 3503.703050 2369.640023 1.000000
3030.846002 2630.922007 3507.042044 2042.403304 1.000000
3036.369009 1940.897703 3516.849017 2743.671019 1.000000
3101.574028 1339.716010 3479.741955 3359.432959 1.000000
3109.007993 1697.925600 3470.040057 2998.233055 1.000000
3160.583983 2111.192989 3407.921993 2577.477019 1.000000
3214.029040 3283.518025 3287.948956 1372.610396 1.000000
3244.332025 1865.572803 3330.831063 2826.305970 1.000000
3245.276997 1507.957495 3339.713939 3190.152005 1.000000
3297.776943 2591.210984 3258.002945 2088.983398 1.000000
3304.475946 3097.142958 3215.078947 1568.475299 1.000000
3351.578975 1337.321988 3227.763005 3356.829067 1.000000
3362.813983 1673.758797 3219.593937 3020.912941 1.000000
3426.108043 2061.549008 3143.343044 2626.070988 1.000000
3452.127061 2267.580016 3112.304958 2416.343978 1.000000
3465.441007 1859.298002 3119.907042 2834.789982 1.000000
3489.044989 2757.698982 3060.204015 1917.999302 1.000000
3491.103052 2997.960001 3043.172947 1670.955299 1.000000
