398.834040 3425.435985 288.128409 177.132884 1.000000
929.634296 3442.845042 822.947997 196.381644 1.000000
1099.633513 3317.643067 994.223970 70.383749 1.000000
1474.958104 3382.386037 1372.139997 136.104397 1.000000
1695.493802 3410.273985 1591.545908 164.021988 1.000000
2024.887207 3394.691967 1920.785995 151.277113 1.000000
2449.188019 3282.783062 2344.439991 38.870532 1.000000
2475.311973 3500.006943 2370.059972 256.176942 1.000000
2803.311001 3310.418971 2696.672994 67.262975 1.000000
3006.779972 3350.927932 2898.861034 108.169966 1.000000
3214.029040 3283.518025 3103.359037 41.472476 1.000000
