288.128409 177.132884 398.834040 3425.435985 1.000000
822.947997 196.381644 929.634296 3442.845042 1.000000
994.223970 70.383749 1099.633513 3317.643067 1.000000
1372.139997 136.104397 1474.958104 3382.386037 1.000000
1591.545908 164.021988 1695.493802 3410.273985 1.000000
1920.785995 151.277113 2024.887207 3394.691967 1.000000
2344.439991 38.870532 2449.188019 3282.783062 1.000000
2370.059972 256.176942 2475.311973 3500.006943 1.000000
2696.672994 67.262975 2803.311001 3310.418971 1.000000
2898.861034 108.169966 3006.779972 3350.927932 1.000000
3103.359037 41.472476 3214.029040 3283.518025 1.000000
