3103.359037 41.472476 3266.991035 3043.446001 1.000000
2850.056986 1417.924206 3522.603048 1661.969401 1.000000
2863.413032 611.360408 3508.785024 2472.266978 1.000000
2912.406005 1201.716587 3458.154007 1880.083803 1.000000
3057.767963 887.121897 3310.418971 2197.040985 1.000000
3087.798033 1520.164805 3281.417933 1560.369294 1.000000
3156.363061 854.815474 3210.962961 2230.682998 1.000000
3208.610969 1194.463196 3158.231990 1889.034004 1.000000
3318.630068 1492.537194 3047.771996 1589.198108 1.000000
3344.922002 1722.081900 3021.837037 1358.765094 1.000000
3370.164028 808.983008 2994.368968 2275.664989 1.000000
3372.537035 587.281783 2994.852031 2497.487989 1.000000
3435.662976 44.696236 2951.886004 3036.390024 1.000000
2976.686997 2975.090982 3414.642011 84.686089 1.000000
2979.732061 762.400827 3390.261036 2322.453004 1.000000
3036.683953 2677.311018 3355.212037 387.080341 1.000000
3053.316018 2243.010012 3347.189935 831.795315 1.000000
3102.287976 540.424530 3266.675951 2544.318034 1.000000
3208.275009 2560.446021 3182.676009 507.261300 1.000000
3303.027035 2860.283977 3084.249030 202.896106 1.000000
3396.308997 2495.052007 2982.231018 575.093453 1.000000
3412.184944 275.110479 2980.278030 2747.765990 1.000000
3432.954010 2698.016970 2958.374997 367.613361 1.000000
3470.208037 2980.340935 2911.103989 86.312721 1.000000
3475.982943 1061.678133 2888.403019 2023.163103 1.000000
3500.447977 2032.415705 2866.458027 1045.545902 1.000000
