23286.500000 6602.750000 96.154200 3333.240000 1.000000
23239.200000 6610.370000 139.936000 3344.150000 1.000000
23210.600000 6622.480000 170.323000 3344.040000 1.000000
23278.100000 6580.590000 95.187600 3355.400000 1.000000
23308.900000 6797.470000 150.800000 3154.790000 1.000000
23313.300000 6782.810000 140.894000 3166.110000 1.000000
23302.600000 6753.320000 139.197000 3196.520000 1.000000
23274.500000 6594.280000 103.348000 3345.320000 1.000000
23238.200000 6588.130000 133.000000 3364.060000 1.000000
23238.200000 6588.130000 133.000000 3364.060000 1.000000
22817.600000 6413.640000 438.640000 3670.470000 1.000000
22888.500000 5599.290000 72.260300 4353.450000 1.000000
22887.200000 5618.040000 81.164200 4336.930000 1.000000
21389.200000 5604.140000 1407.770000 4899.840000 1.000000
21343.700000 5604.910000 1447.640000 4914.640000 1.000000
20618.600000 6282.580000 2329.110000 4601.180000 1.000000
20612.000000 6283.050000 2335.290000 4603.320000 1.000000
20612.000000 6283.050000 2335.290000 4603.320000 1.000000
20612.000000 6283.050000 2335.290000 4603.320000 1.000000
20595.600000 6283.920000 2350.740000 4608.180000 1.000000
20564.100000 6291.530000 2380.980000 4613.430000 1.000000
20564.100000 6291.530000 2380.980000 4613.430000 1.000000
20555.600000 6292.250000 2388.960000 4615.980000 1.000000
20555.600000 6292.250000 2388.960000 4615.980000 1.000000
19902.300000 6462.960000 3039.470000 4705.320000 1.000000
19957.500000 6174.450000 2881.300000 4936.820000 1.000000
20110.600000 6648.110000 2922.920000 4466.640000 1.000000
20087.500000 6640.480000 2939.740000 4480.970000 1.000000
19813.400000 6466.910000 3118.330000 4735.280000 1.000000
19813.400000 6466.910000 3118.330000 4735.280000 1.000000
19899.900000 6615.520000 3094.540000 4575.660000 1.000000
19640.400000 6240.250000 3186.200000 4997.000000 1.000000
18355.700000 8938.890000 5333.280000 3125.590000 1.000000
18056.500000 8591.360000 5467.200000 3540.200000 1.000000
17425.000000 8018.500000 5821.480000 4266.810000 1.000000
16645.900000 6765.170000 6041.800000 5641.950000 1.000000
16645.900000 6765.170000 6041.800000 5641.950000 1.000000
17529.000000 6556.040000 5181.760000 5496.620000 1.000000
16652.900000 6764.300000 6035.030000 5640.180000 1.000000
17135.600000 8376.140000 6212.490000 4064.160000 1.000000
16302.000000 8575.580000 7029.950000 4200.620000 1.000000
16338.600000 8553.690000 6989.610000 4206.210000 1.000000
16361.800000 8539.040000 6964.000000 4210.550000 1.000000
14949.700000 7566.820000 7867.640000 5607.990000 1.000000
15545.400000 7554.860000 7328.870000 5386.570000 1.000000
