#NOM_DU_REPERE X_UTM7S(m)  Y_UTM7S(m)  Z_UTM7S(m)  INCERTITUDE_PLANI(m) INCERTITUDE_ALTI(m) LONG_WGS84  LAT_WGS84 H_WGS_84
EMPEREUR 731204.19 7543341.73 0.72 0.001 0.01  -138.75735731723   -22.19985181554   0.720
KILO 733703.79 7542480.62 2.42 0.001 0.01  -138.73300117060   -22.20728957109   2.420
FREGATE 735655.03 7540277.8 -0.6 0.001 0.01  -138.71376265078   -22.22691000161  -0.600
MARVI 732528.68 7535484.21 0.39 0.001 0.01  -138.74338174263   -22.27060634799   0.390
PAVILLON 728696.1 7540743.39 -0.73 0.001 0.01  -138.78130242351   -22.22364161383  -0.730
FREGATE1 735559.64 7540684.67 -9 0.001 2  -138.71474707194   -22.22325014798  -9.000
FREGATE2 735437.8 7540665.41 -9 0.001 2  -138.71592555171   -22.22344060640  -9.000
KILO2 733520.88 7542981.35 -9 0.001 2  -138.73484695911   -22.20279405374  -9.000
KILO3 733471.74 7542932.64 -9 0.001 2  -138.73531627544   -22.20324040115  -9.000
EMPEREUR1 731274.94 7543565.21 -9 0.001 2  -138.75670352079   -22.19782492241  -9.000
EMPEREUR2 731368.21 7543525.93 -9 0.001 2  -138.75579372326   -22.19816705434  -9.000
PINGOUIN2 729577.85 7542598.06 -9 0.001 2  -138.77301745319   -22.20678176527  -9.000
PINGOUIN3 729674.48 7542525.58 -9 0.001 2  -138.77207031950   -22.20742325281  -9.000
PINGOUIN4 730656.55 7543267.11 -9 0.001 2  -138.76265555419   -22.20059850760  -9.000
HOTEL2 729681.2 7539623.84 -9 0.001 2  -138.77159118995   -22.23361770089  -9.000
HOTEL3 729776.37 7539756.71 -9 0.001 2  -138.77068734558   -22.23240557244  -9.000
FREGATE3 736347.04 7539783.25 -9 0.001 2  -138.70698049948   -22.23127984743  -9.000
KILO4 734572.25 7541767.59 -9 0.001 2  -138.72447808512   -22.21360869869  -9.000
KILO1 732733.25 7543531.42 -9 0.001 2  -138.74256185377   -22.19793450589  -9.000
PINGOUIN1 728686.05 7541782.28 -9 0.001 2  -138.78154742762   -22.21426434235  -9.000
HOTEL1 730616.45 7537801.51 -9 0.001 2  -138.76226115154   -22.24994399596  -9.000
EMPEREUR_CHECK 731204.19 7543341.73 -9 0.001 2  -138.75735731723   -22.19985181554  -9.000
