3495.554998 1303.971886 3006.779972 3350.927932 1.000000
3489.044989 1522.285807 3012.996051 3134.522934 1.000000
3503.703050 2369.640023 3030.132054 2304.729003 1.000000
3507.042044 2042.403304 3030.846002 2630.922007 1.000000
3516.849017 2743.671019 3036.369009 1940.897703 1.000000
3479.741955 3359.432959 3101.574028 1339.716010 1.000000
3470.040057 2998.233055 3109.007993 1697.925600 1.000000
3407.921993 2577.477019 3160.583983 2111.192989 1.000000
3287.948956 1372.610396 3214.029040 3283.518025 1.000000
3330.831063 2826.305970 3244.332025 1865.572803 1.000000
3339.713939 3190.152005 3245.276997 1507.957495 1.000000
3258.002945 2088.983398 3297.776943 2591.210984 1.000000
3215.078947 1568.475299 3304.475946 3097.142958 1.000000
3227.763005 3356.829067 3351.578975 1337.321988 1.000000
3219.593937 3020.912941 3362.813983 1673.758797 1.000000
3143.343044 2626.070988 3426.108043 2061.549008 1.000000
3112.304958 2416.343978 3452.127061 2267.580016 1.000000
3119.907042 2834.789982 3465.441007 1859.298002 1.000000
3060.204015 1917.999302 3489.044989 2757.698982 1.000000
3043.172947 1670.955299 3491.103052 2997.960001 1.000000
