3495.554998 1303.971886 2964.212948 1696.048199 1.000000
3489.044989 1522.285807 2970.282063 1478.154309 1.000000
3503.703050 2369.640023 2987.900990 624.871768 1.000000
3507.042044 2042.403304 2987.733010 952.280711 1.000000
3516.849017 2743.671019 2994.410998 245.536195 1.000000
3407.921993 2577.477019 3118.604957 408.416390 1.000000
3318.692974 1765.129800 3161.108936 1229.955316 1.000000
3287.948956 1372.610396 3169.929046 1626.956099 1.000000
3297.714038 2306.786996 3194.981939 684.238767 1.000000
3330.831063 2826.305970 3202.038055 154.658972 1.000000
3258.002945 2088.983398 3254.852946 898.739068 1.000000
3215.078947 1568.475299 3261.383969 1427.548516 1.000000
3137.525969 1493.381406 3341.099945 1499.355901 1.000000
3112.304958 2416.343978 3409.685987 566.088662 1.000000
3052.308001 1416.132899 3410.231956 1579.939192 1.000000
3119.907042 2834.789982 3424.176069 141.400137 1.000000
3060.204015 1917.999302 3445.910982 1068.280482 1.000000
3043.172947 1670.955299 3447.632947 1317.621896 1.000000
3060.707954 2178.539991 3462.522032 804.075277 1.000000
3483.984031 761.079884 2979.815981 2234.841014 1.000000
3484.697979 201.110262 2982.252033 2788.694970 1.000000
3434.633945 1039.863266 3025.806059 1958.119801 1.000000
3429.846040 444.185739 3033.618013 2548.707005 1.000000
3289.565985 26.129275 3175.809027 2961.546012 1.000000
3238.178990 1057.224031 3219.300008 1939.650295 1.000000
3199.056035 1114.952985 3258.464993 1880.974203 1.000000
3182.949063 209.951944 3280.262951 2778.950972 1.000000
3016.545054 600.448834 3440.996989 2392.445997 1.000000
2991.933056 364.538931 3468.905951 2624.643023 1.000000
