3503.703050 2369.640023 3494.168992 672.333928 1.000000
3507.042044 2042.403304 3497.613061 343.501265 1.000000
3516.849017 2743.671019 3506.747976 1034.029490 1.000000
3479.741955 3359.432959 3469.221035 1631.796602 1.000000
3470.040057 2998.233055 3459.603057 1273.358097 1.000000
3407.921993 2577.477019 3398.115020 859.788267 1.000000
3318.692974 1765.129800 3310.146057 73.860383 1.000000
3297.714038 2306.786996 3289.041032 609.153293 1.000000
3330.831063 2826.305970 3321.611949 1105.154432 1.000000
3339.713939 3190.152005 3329.864937 1461.866693 1.000000
3258.002945 2088.983398 3249.014995 380.005437 1.000000
3227.763005 3356.829067 3218.187056 1632.330002 1.000000
3219.593937 3020.912941 3210.102048 1295.685288 1.000000
3143.343044 2626.070988 3134.292049 909.923696 1.000000
3093.404960 1841.695802 3084.858043 138.763123 1.000000
3112.304958 2416.343978 3103.106998 702.964522 1.000000
3119.907042 2834.789982 3111.107947 1108.590010 1.000000
3060.707954 2178.539991 3051.908998 465.145748 1.000000
180.038638 1698.998701 154.106184 19.705275 1.000000
463.512018 1750.719600 440.974782 69.157234 1.000000
743.960721 1701.585901 724.155624 21.316737 1.000000
956.138396 1814.238302 938.691623 135.168332 1.000000
1314.872987 1794.882599 1300.248606 107.152764 1.000000
1514.282702 1720.994099 1501.500006 25.594441 1.000000
1782.183900 1776.247200 1770.031200 78.928857 1.000000
2138.451014 1737.430800 2127.951003 49.012072 1.000000
2361.785969 1798.576499 2352.021026 95.978574 1.000000
2563.343981 1747.052999 2555.007004 33.916040 1.000000
2751.273033 1817.711700 2742.347988 128.788170 1.000000
2990.295012 1722.457801 2982.042024 24.868385 1.000000
58.228820 3302.985006 45.526949 1649.377796 1.000000
63.021874 2371.509021 39.032527 695.734233 1.000000
94.223904 2875.256983 73.360202 1212.852888 1.000000
152.717256 2135.279999 128.607387 459.530331 1.000000
155.801984 2623.173028 134.248550 954.055212 1.000000
171.141566 3487.469990 154.177440 1834.385699 1.000000
203.870165 3102.813068 185.272030 1443.012900 1.000000
209.819453 1896.104698 185.196460 221.354653 1.000000
284.535288 2438.457020 263.329503 756.564894 1.000000
333.876885 3275.664041 317.429639 1616.827807 1.000000
339.126838 2057.351102 316.766071 374.079252 1.000000
370.824317 3491.691050 355.544718 1823.268299 1.000000
411.259796 2809.758035 393.059133 1128.258580 1.000000
432.990534 2581.865990 413.910032 894.081289 1.000000
464.230141 3061.842059 447.715815 1395.710404 1.000000
524.418318 1961.681399 503.458170 278.720440 1.000000
525.774958 2203.991992 505.908835 522.492607 1.000000
554.019880 3305.714987 539.401761 1635.526197 1.000000
571.865656 2410.296018 553.331122 726.148485 1.000000
640.623923 2783.864966 624.260668 1111.032325 1.000000
660.794414 3484.551014 647.581228 1808.872802 1.000000
716.664877 3119.381949 702.340826 1445.894091 1.000000
791.844917 1982.150099 773.541268 306.650417 1.000000
816.986114 2333.351983 800.272217 657.062679 1.000000
825.474301 2906.945973 811.085119 1236.173413 1.000000
876.212410 3507.588013 864.223513 1826.191502 1.000000
904.003773 2571.890968 888.902731 898.083920 1.000000
915.354293 3105.333040 902.313331 1426.910103 1.000000
974.019869 3321.233961 962.135976 1645.423501 1.000000
1016.458786 2783.486977 1002.903308 1105.597483 1.000000
1039.913715 2083.139114 1024.041873 405.358800 1.000000
1105.931424 2576.237979 1092.199477 901.250690 1.000000
1110.223810 2970.870061 1097.884201 1286.539796 1.000000
1133.097004 1707.104702 1115.879099 24.852241 1.000000
1156.446929 2348.262014 1142.334906 670.433407 1.000000
1161.117304 1935.278094 1145.459716 241.109439 1.000000
1173.293109 3356.324989 1162.631416 1671.329104 1.000000
1308.932084 3206.574060 1298.373309 1518.778799 1.000000
1313.020793 2964.927035 1301.748001 1278.032717 1.000000
1341.169200 2045.131198 1327.311303 358.012222 1.000000
1345.251611 2268.462013 1331.811611 576.939279 1.000000
1360.564786 2656.016999 1348.634688 975.305115 1.000000
1365.226810 3471.195038 1355.707504 1779.418200 1.000000
1512.734997 2383.856981 1500.828001 683.986797 1.000000
1522.716299 3083.765967 1512.758099 1388.799305 1.000000
1529.726105 3312.330069 1520.355904 1618.932005 1.000000
1552.551007 2120.936987 1540.186208 426.864916 1.000000
1571.906703 3520.251056 1563.313494 1821.422398 1.000000
1576.841694 2873.262034 1566.518101 1184.979588 1.000000
1579.601093 1915.846794 1567.146006 224.065846 1.000000
1664.514598 2585.037004 1653.836100 882.004226 1.000000
1690.021197 2285.724001 1678.664397 586.838662 1.000000
1754.081701 2036.821498 1742.594700 341.386559 1.000000
1769.541900 3144.224972 1760.509800 1439.512189 1.000000
1814.788502 2954.594970 1805.491800 1243.886695 1.000000
1829.251201 3415.943957 1820.949899 1708.675501 1.000000
1885.986904 2624.684983 1876.223996 925.709391 1.000000
1929.314107 2374.470027 1919.208907 681.807029 1.000000
1959.257995 3221.526050 1950.826503 1503.106494 1.000000
1973.237701 1905.655500 1962.639001 211.952946 1.000000
2015.393091 2921.624979 2006.541598 1207.747812 1.000000
2055.761403 2123.939987 2045.483997 422.961027 1.000000
2072.431217 3393.116967 2064.482701 1673.473200 1.000000
2081.274291 2720.360966 2072.122501 1016.880892 1.000000
2115.498005 2463.194968 2106.342005 767.730595 1.000000
2186.624999 1962.414292 2175.683990 267.758346 1.000000
2209.220999 3167.996933 2201.073016 1441.570217 1.000000
2228.142012 2235.177008 2218.649983 531.799816 1.000000
2285.618996 3410.084991 2277.827987 1687.102204 1.000000
2294.586001 2647.406968 2285.829005 945.163777 1.000000
2302.208996 2865.345006 2293.745999 1149.094796 1.000000
2401.245023 3230.787055 2393.265019 1508.096092 1.000000
2419.767032 3027.674988 2411.766013 1307.571304 1.000000
2454.059983 2129.001015 2444.946013 432.158987 1.000000
2460.906020 2366.909972 2452.065035 662.841900 1.000000
2515.149016 2643.563966 2506.622974 937.066174 1.000000
2534.259022 3461.093997 2526.446998 1740.603900 1.000000
2594.339969 3143.993948 2585.667032 1423.787416 1.000000
2599.484986 2931.600001 2591.210984 1215.318304 1.000000
2626.113018 2010.777307 2617.208988 317.081155 1.000000
2629.578031 2231.963999 2620.800021 528.129038 1.000000
2673.509976 2428.082994 2664.836970 712.618197 1.000000
2753.582996 3261.404984 2745.351023 1547.212802 1.000000
2779.454980 2623.508987 2770.950023 908.161790 1.000000
2801.819991 2935.463949 2793.399024 1224.934195 1.000000
2864.336989 2246.160012 2856.000011 534.288335 1.000000
2871.750009 2039.645994 2862.993013 339.278117 1.000000
2886.135017 3448.829958 2877.713980 1734.427800 1.000000
2893.821021 2455.866007 2885.210990 734.315395 1.000000
2994.432013 2990.547051 2984.856064 1274.714703 1.000000
3101.111980 3183.011968 3092.355053 1467.032691 1.000000
