3287.948956 1372.610396 3103.359037 41.472476 1.000000
3434.633945 1039.863266 2959.257064 370.570191 1.000000
3199.056035 1114.952985 3189.753001 295.272620 1.000000
3016.545054 600.448834 3370.164028 808.983008 1.000000
3016.755064 821.698518 3372.537035 587.281783 1.000000
2990.295012 51.218352 3398.870998 1353.193795 1.000000
3343.724991 1838.720101 3086.915967 18.965858 1.000000
3290.300948 868.727995 3102.287976 540.424530 1.000000
2925.237027 1015.692301 3458.909984 397.605576 1.000000
2927.231976 396.144001 3459.750021 1011.588909 1.000000
