3495.554998 1303.971886 3471.320988 2974.901988 1.000000
3489.044989 1522.285807 3465.315058 3192.671976 1.000000
3318.692974 1765.129800 3296.874001 3446.918999 1.000000
3287.948956 1372.610396 3266.991035 3043.446001 1.000000
3215.078947 1568.475299 3191.894984 3249.371969 1.000000
3052.308001 1416.132899 3031.790974 3089.288974 1.000000
3043.172947 1670.955299 3023.705966 3361.680016 1.000000
3484.697979 201.110262 3458.154007 1880.083803 1.000000
3434.633945 1039.863266 3410.609945 2713.536013 1.000000
3429.846040 444.185739 3404.415020 2121.105001 1.000000
3238.178990 1057.224031 3215.267942 2729.874009 1.000000
3234.944932 553.683921 3210.962961 2230.682998 1.000000
3199.056035 1114.952985 3176.796029 2789.262023 1.000000
3182.949063 209.951944 3158.231990 1889.034004 1.000000
3016.545054 600.448834 2994.368968 2275.664989 1.000000
3016.755064 821.698518 2994.852031 2497.487989 1.000000
2971.940983 1351.933809 2951.886004 3036.390024 1.000000
3415.607998 647.325014 3390.261036 2322.453004 1.000000
3290.300948 868.727995 3266.675951 2544.318034 1.000000
65.469616 1518.478503 56.510335 3213.630037 1.000000
90.797650 617.935479 72.076349 2293.263006 1.000000
104.184940 1284.095394 92.748830 2981.433011 1.000000
124.043269 841.430133 107.856831 2525.670006 1.000000
182.975706 20.174003 158.128926 1699.376698 1.000000
191.944172 211.730412 169.319260 1902.776397 1.000000
183.920678 1111.263279 170.735187 2797.221011 1.000000
180.038638 1698.998701 173.252514 3391.163979 1.000000
214.995923 418.246465 194.633933 2112.411015 1.000000
325.827643 589.824857 307.473614 2277.281984 1.000000
332.896146 801.880826 316.793349 2486.945984 1.000000
411.978058 323.036705 391.251022 2010.701702 1.000000
402.021894 1411.006809 392.149789 3107.706047 1.000000
463.512018 1750.719600 456.951629 3444.042053 1.000000
485.146171 57.348424 461.991573 1738.634100 1.000000
485.196551 986.090669 471.143467 2667.986970 1.000000
544.567794 1227.993907 532.919031 2918.811008 1.000000
551.081978 751.016698 534.922538 2445.302987 1.000000
597.221107 236.600712 576.099242 1915.346995 1.000000
612.456589 501.330940 594.010151 2188.493998 1.000000
636.012279 1533.886192 627.232180 3220.601954 1.000000
699.360894 1062.444618 686.179230 2751.231004 1.000000
743.960721 1701.585901 736.713593 3390.891064 1.000000
772.598384 344.099701 752.894116 2017.854298 1.000000
819.984904 128.205600 798.499803 1803.671102 1.000000
825.306321 585.547154 807.489910 2269.700984 1.000000
843.998397 1455.936297 834.319531 3138.071937 1.000000
858.519931 852.843628 843.500721 2551.458000 1.000000
866.485183 1237.811388 854.836489 2931.263972 1.000000
959.454287 1056.224434 946.228506 2763.095970 1.000000
956.138396 1814.238302 949.300778 3500.426962 1.000000
988.178097 255.028223 967.766075 1929.837007 1.000000
1063.421113 884.316276 1048.603492 2570.505032 1.000000
1068.698413 1401.812989 1058.282427 3106.341057 1.000000
1074.135272 1626.746099 1065.437076 3316.383011 1.000000
1127.048975 524.598962 1109.261998 2198.930998 1.000000
1159.491924 66.202770 1138.092900 1741.227600 1.000000
1171.671904 1148.221219 1158.910189 2857.995030 1.000000
1254.603012 957.251417 1240.249492 2645.159980 1.000000
1266.530987 709.075526 1250.109002 2382.995999 1.000000
1314.872987 1794.882599 1307.031598 3487.868993 1.000000
1321.477493 1581.337792 1309.971588 3286.583965 1.000000
1344.711906 325.336230 1325.238593 2000.035800 1.000000
1371.843911 1137.834599 1358.531983 2831.135974 1.000000
1397.709598 65.908144 1376.465993 1741.933200 1.000000
1415.641486 1379.842807 1404.102007 3086.285939 1.000000
1516.527602 792.880211 1500.435295 2467.751988 1.000000
1514.282702 1720.994099 1505.378706 3419.849934 1.000000
1560.182404 1244.686790 1547.172895 2935.611052 1.000000
1566.417306 1049.850883 1552.095291 2728.320024 1.000000
1574.147393 447.006042 1555.566602 2122.280997 1.000000
1599.280205 34.801029 1579.903494 1711.796100 1.000000
1609.171202 1651.141799 1598.862291 3352.083053 1.000000
1645.106399 258.575139 1625.181598 1934.727899 1.000000
1749.638100 1351.639810 1736.750401 3040.421951 1.000000
1782.183900 1776.247200 1771.732200 3475.814963 1.000000
1820.527802 562.898721 1802.325000 2236.772988 1.000000
1831.708198 1114.971912 1816.829699 2806.566005 1.000000
1864.035597 339.286467 1844.400602 2016.432595 1.000000
1861.519800 896.028015 1845.341399 2575.460986 1.000000
1879.134604 22.133811 1857.592799 1698.979800 1.000000
1927.856706 1502.568893 1915.055101 3202.520979 1.000000
2030.256900 659.303404 2012.230497 2334.234015 1.000000
2031.949499 1092.644686 2016.317101 2788.988969 1.000000
2035.691707 1287.232799 2021.205905 2996.973000 1.000000
2066.891406 124.282365 2045.521799 1800.911699 1.000000
2138.451014 1737.430800 2125.851015 3425.645994 1.000000
2211.930000 1430.089503 2197.334984 3111.716960 1.000000
2222.514000 379.104582 2202.206983 2056.492208 1.000000
2231.060987 788.818780 2212.958997 2463.636001 1.000000
2253.636007 1067.761791 2236.899008 2743.251000 1.000000
2272.746014 115.921659 2250.653987 1791.318900 1.000000
2314.200016 585.639563 2294.816991 2261.342992 1.000000
2361.785969 1798.576499 2347.988995 3498.789057 1.000000
2400.698985 1256.967599 2383.940971 2931.956975 1.000000
2410.820972 1477.339496 2395.239023 3175.788012 1.000000
2432.346015 751.722295 2414.894998 2425.752017 1.000000
2467.163990 1067.921420 2450.216981 2742.137979 1.000000
2491.943968 130.420509 2469.684031 1807.992901 1.000000
2558.240993 364.253352 2536.800009 2041.307106 1.000000
2563.343981 1747.052999 2548.035017 3455.865059 1.000000
2593.751971 1624.173599 2577.687028 3328.584006 1.000000
2600.870992 575.620494 2580.374980 2251.556999 1.000000
2616.011977 843.425082 2596.461006 2518.130966 1.000000
2636.172030 1417.346715 2618.805002 3120.368951 1.000000
2652.972004 1183.952713 2634.597030 2858.015975 1.000000
2700.621001 188.527660 2677.730967 1865.696700 1.000000
2751.273033 1817.711700 2734.871993 3500.301012 1.000000
2811.059981 592.494020 2789.387972 2265.942006 1.000000
2848.440026 1577.643894 2830.337967 3268.292981 1.000000
2910.768030 397.788308 2887.794006 2075.108696 1.000000
2914.002019 1065.808802 2893.484992 2739.659967 1.000000
2977.673998 181.907289 2953.649998 1861.544999 1.000000
2990.295012 1722.457801 2971.416029 3413.529059 1.000000
3242.504986 524.995739 3217.809068 2201.598004 1.000000
3279.549003 24.744522 3253.635059 1704.074398 1.000000
